0.1 4.10885e-12 8.21771e-11 2 
0.2 -1.70761e-09 -3.43167e-08 2 
0.3 -6.85922e-09 -6.87155e-08 2 
0.4 -1.75576e-08 -1.45253e-07 2 
0.498745 -0.000887896 -0.0179827 1.95 
0.594959 -0.00346189 -0.03551 1.9 
0.689899 -0.00683463 -0.03551 1.9 
0.783557 -0.0109625 -0.0525819 1.85 
0.874637 -0.0165153 -0.0691984 1.8 
0.963121 -0.0233669 -0.0853599 1.75 
1.049 -0.0313947 -0.101064 1.7 
1.13225 -0.0404795 -0.116315 1.65 
1.21288 -0.0505054 -0.131107 1.60003 
1.29088 -0.0613602 -0.145448 1.55003 
1.36625 -0.0729351 -0.159333 1.50003 
1.43898 -0.0851251 -0.172763 1.45003 
1.5104 -0.0975885 -0.172763 1.45003 
1.58183 -0.110052 -0.172763 1.45003 
1.65325 -0.122515 -0.172763 1.45003 
1.72467 -0.134978 -0.172763 1.45003 
1.79609 -0.147442 -0.172763 1.45003 
1.86751 -0.159905 -0.172763 1.45003 
1.93894 -0.172369 -0.172763 1.45003 
2.01036 -0.184832 -0.172763 1.45003 
2.08178 -0.197295 -0.172763 1.45003 
2.1532 -0.209759 -0.172763 1.45003 
2.22462 -0.222222 -0.172763 1.45003 
2.29605 -0.234685 -0.172763 1.45003 
2.36616 -0.247389 -0.185738 1.40003 
2.43364 -0.260508 -0.198258 1.35003 
2.49982 -0.273803 -0.198258 1.35003 
2.566 -0.287098 -0.198258 1.35003 
2.63218 -0.300393 -0.198258 1.35003 
2.69705 -0.313834 -0.21032 1.30003 
2.75932 -0.327505 -0.221928 1.25003 
2.819 -0.34132 -0.23308 1.20003 
2.87608 -0.355196 -0.243778 1.15003 
2.9306 -0.369052 -0.25402 1.10003 
2.98256 -0.382814 -0.263807 1.05003 
3.03198 -0.396409 -0.273139 1.00003 
3.08013 -0.409897 -0.273137 1.00003 
3.12827 -0.423385 -0.273136 1.00003 
3.17642 -0.436874 -0.273135 1.00004 
3.22457 -0.450362 -0.273134 1.00004 
3.27272 -0.46385 -0.273132 1.00004 
3.32087 -0.477338 -0.273131 1.00004 
3.36902 -0.490826 -0.27313 1.00005 
3.41716 -0.504313 -0.273128 1.00005 
3.46531 -0.517801 -0.273127 1.00005 
3.51346 -0.531289 -0.273127 1.00005 
3.56161 -0.544777 -0.273127 1.00005 
3.60976 -0.558265 -0.273127 1.00005 
3.65791 -0.571753 -0.273127 1.00005 
3.70606 -0.585241 -0.273127 1.00005 
3.75421 -0.598729 -0.273127 1.00005 
3.80236 -0.612217 -0.273127 1.00005 
3.85051 -0.625704 -0.273127 1.00005 
3.89865 -0.639192 -0.273127 1.00005 
3.9468 -0.65268 -0.273127 1.00005 
3.99369 -0.666039 -0.282005 0.950051 
4.03806 -0.679097 -0.290428 0.90005 
4.07993 -0.691793 -0.298395 0.85005 
4.11931 -0.704069 -0.305907 0.80005 
4.15623 -0.71587 -0.312964 0.75005 
4.19191 -0.727416 -0.312963 0.750039 
4.22759 -0.738962 -0.312962 0.750028 
4.26327 -0.750508 -0.312962 0.750027 
4.29895 -0.762054 -0.312962 0.750027 
4.33463 -0.7736 -0.312963 0.750027 
4.37031 -0.785145 -0.312963 0.750027 
4.40599 -0.796691 -0.312963 0.750027 
4.44167 -0.808237 -0.312963 0.750027 
4.47735 -0.819783 -0.312963 0.750027 
4.51302 -0.831329 -0.312962 0.750028 
4.54748 -0.842604 -0.319564 0.700028 
4.57955 -0.853108 -0.313417 0.650029 
4.60931 -0.862659 -0.307726 0.600029 
4.63673 -0.871296 -0.302491 0.55003 
4.66181 -0.879056 -0.29771 0.50003 
4.68453 -0.885974 -0.293385 0.45003 
4.70607 -0.892481 -0.293385 0.45003 
4.72761 -0.898988 -0.293385 0.45003 
4.74915 -0.905496 -0.293385 0.45003 
4.77069 -0.912003 -0.293385 0.45003 
4.79223 -0.91851 -0.293385 0.45003 
4.81377 -0.925018 -0.293385 0.45003 
4.83531 -0.931525 -0.293385 0.45003 
4.85685 -0.938032 -0.293385 0.45003 
4.87839 -0.94454 -0.293385 0.45003 
4.89993 -0.951047 -0.293385 0.449982 
4.92026 -0.957231 -0.297255 0.399982 
4.9382 -0.962692 -0.29384 0.349982 
4.95374 -0.967421 -0.296799 0.299984 
4.9669 -0.971426 -0.294296 0.249988 
4.97767 -0.974678 -0.292247 0.199992 
5.00547 -0.983094 -0.295655 0.961889 
5.06962 -1.00291 -0.303533 1.72379 
5.15187 -1.02867 -0.303537 1.72379 
5.23272 -1.05469 -0.31901 1.67377 
5.31081 -1.08113 -0.334023 1.62377 
5.38613 -1.10788 -0.34858 1.57377 
5.45872 -1.13485 -0.362682 1.52377 
5.52996 -1.16188 -0.362682 1.52377 
5.60119 -1.18891 -0.362682 1.52376 
5.67242 -1.21594 -0.362681 1.52376 
5.7423 -1.243 -0.376328 1.47375 
5.80965 -1.26968 -0.378033 1.42374 
5.87462 -1.29555 -0.379679 1.37373 
5.93842 -1.321 -0.379679 1.37373 
6.00221 -1.34646 -0.379679 1.37372 
6.06601 -1.37192 -0.379679 1.37372 
6.12849 -1.39729 -0.39196 1.3237 
6.18835 -1.42245 -0.403785 1.27369 
6.24691 -1.44747 -0.403785 1.27368 
6.30547 -1.4725 -0.403785 1.27368 
6.36404 -1.49752 -0.403785 1.27367 
6.42131 -1.52237 -0.415156 1.22366 
6.47628 -1.54625 -0.40424 1.17365 
6.52896 -1.56911 -0.414699 1.12365 
6.57935 -1.59099 -0.404696 1.07364 
6.62745 -1.61187 -0.414244 1.02364 
6.67325 -1.63176 -0.405151 0.973628 
6.71676 -1.65064 -0.413789 0.923628 
6.75782 -1.66887 -0.421971 0.873629 
6.79646 -1.6864 -0.429697 0.823629 
6.8327 -1.70317 -0.436969 0.77363 
6.86656 -1.71912 -0.443785 0.72363 
6.89806 -1.73422 -0.450146 0.67363 
6.92722 -1.74842 -0.456052 0.623631 
6.95522 -1.76215 -0.456052 0.623627 
6.98205 -1.77541 -0.461514 0.57353 
7.00658 -1.78768 -0.466519 0.523433 
7.02995 -1.79945 -0.466519 0.523428 
7.05333 -1.81122 -0.466519 0.523423 
7.0767 -1.82299 -0.466519 0.523417 
7.10007 -1.83476 -0.466519 0.52341 
7.12345 -1.84654 -0.466519 0.523403 
7.14682 -1.85831 -0.466519 0.523397 
7.17019 -1.87008 -0.466519 0.52339 
7.19357 -1.88185 -0.466519 0.523384 
7.21694 -1.89362 -0.466519 0.523377 
7.23922 -1.90478 -0.461981 0.473377 
7.25927 -1.91481 -0.466063 0.423379 
7.27708 -1.92373 -0.462436 0.373379 
7.29266 -1.93152 -0.465608 0.323379 
7.306 -1.9382 -0.462891 0.273379 
7.3171 -1.94376 -0.465153 0.223379 
7.32597 -1.9482 -0.463347 0.173379 
7.33261 -1.95151 -0.461996 0.123379 
7.35405 -1.96237 -0.475326 0.837653 
7.4067 -1.99058 -0.508472 1.55193 
7.48881 -2.03924 -0.561432 2.2662 
7.5972 -2.11305 -0.634208 2.98047 
7.71725 -2.20135 -0.634211 2.98046 
7.83745 -2.2873 -0.607305 2.93045 
7.95563 -2.37177 -0.633765 2.88044 
8.06957 -2.4578 -0.659764 2.83044 
8.17929 -2.54518 -0.685308 2.78044 
8.28485 -2.63371 -0.710397 2.73044 
8.3863 -2.72318 -0.73503 2.68044 
8.48371 -2.8134 -0.759207 2.63044 
8.57911 -2.90393 -0.759207 2.63043 
8.67452 -2.99446 -0.759207 2.63042 
8.76992 -3.085 -0.759208 2.63041 
8.86334 -3.17578 -0.782932 2.58041 
8.95286 -3.26695 -0.806201 2.53041 
9.04044 -3.35826 -0.806201 2.5304 
9.12745 -3.44837 -0.799673 2.4804 
9.21202 -3.53737 -0.822029 2.4304 
9.29486 -3.62456 -0.800128 2.3804 
9.37598 -3.70993 -0.821574 2.3304 
9.45537 -3.7935 -0.800583 2.2804 
9.53305 -3.87525 -0.821118 2.2304 
9.609 -3.95519 -0.801038 2.1804 
9.68324 -4.03331 -0.820659 2.1304 
9.75574 -4.10963 -0.801489 2.0804 
9.82653 -4.18413 -0.820202 2.03041 
9.89559 -4.25683 -0.801943 1.98041 
9.96419 -4.32648 -0.784139 1.93041 
10.0322 -4.39318 -0.76679 1.88041 
10.0999 -4.45841 -0.76679 1.8804 
10.1673 -4.52221 -0.749897 1.83039 
10.2328 -4.58427 -0.76634 1.78039 
10.2965 -4.64464 -0.750358 1.73038 
10.3585 -4.70326 -0.765885 1.68038 
10.4185 -4.76018 -0.750813 1.63038 
10.4776 -4.81452 -0.736196 1.58038 
10.5362 -4.86757 -0.736196 1.58037 
10.5942 -4.91938 -0.722033 1.53036 
10.6503 -4.96951 -0.73574 1.48036 
10.7039 -5.01871 -0.748991 1.43036 
10.7563 -5.0674 -0.748991 1.43036 
10.8081 -5.11492 -0.736195 1.38035 
10.858 -5.16073 -0.748536 1.33035 
10.9061 -5.20487 -0.73665 1.28035 
10.9524 -5.2473 -0.74808 1.23035 
10.9963 -5.28854 -0.759055 1.18035 
11.0391 -5.32915 -0.759055 1.18034 
11.0819 -5.36977 -0.759055 1.18033 
11.1248 -5.41039 -0.759055 1.18033 
11.1669 -5.44992 -0.748537 1.13032 
11.2073 -5.4876 -0.751678 1.08032 
11.246 -5.52345 -0.742069 1.03031 
11.2832 -5.55725 -0.732917 0.980302 
11.3189 -5.58905 -0.724219 0.930292 
11.3537 -5.61987 -0.724219 0.930286 
11.3886 -5.65068 -0.724219 0.93028 
11.4234 -5.6815 -0.724219 0.930274 
11.4582 -5.71232 -0.724219 0.930269 
11.4931 -5.74314 -0.724219 0.930263 
11.5279 -5.77395 -0.724219 0.930257 
11.5628 -5.80477 -0.724219 0.930251 
11.5976 -5.83559 -0.724219 0.930246 
11.6324 -5.8664 -0.724219 0.930241 
11.6673 -5.89722 -0.724219 0.930236 
11.7021 -5.92804 -0.724219 0.930231 
11.7369 -5.95885 -0.724219 0.930226 
11.771 -5.9887 -0.715978 0.880216 
11.8033 -6.01664 -0.708192 0.830207 
11.834 -6.04272 -0.700861 0.780197 
11.863 -6.06697 -0.693986 0.730188 
11.8901 -6.08943 -0.687566 0.680178 
11.9164 -6.11102 -0.687566 0.680173 
11.9418 -6.13173 -0.681601 0.630159 
11.9653 -6.15073 -0.67609 0.58015 
11.987 -6.16804 -0.671035 0.530141 
12.0078 -6.18453 -0.671035 0.530137 
12.0276 -6.20019 -0.666437 0.480115 
12.0455 -6.21422 -0.662295 0.430093 
12.0625 -6.22744 -0.662295 0.430089 
12.0785 -6.23986 -0.658609 0.380054 
12.0925 -6.25071 -0.655379 0.330038 
12.1046 -6.25998 -0.652604 0.28001 
12.1148 -6.26771 -0.650286 0.229981 
12.1229 -6.27391 -0.648427 0.179932 
12.1291 -6.27859 -0.647016 0.129932 
12.1333 -6.28175 -0.646061 0.0799316 
12.1355 -6.2834 -0.645561 0.0299317 
12.1357 -6.28355 -0.645516 -0.0200682 
12.1339 -6.28219 -0.645926 -0.070068 
12.1301 -6.27933 -0.646792 -0.120068 
12.1253 -6.27571 -0.646792 -0.120068 
12.1205 -6.27209 -0.646792 -0.120068 
12.1157 -6.26848 -0.646792 -0.120068 
12.1109 -6.26486 -0.646792 -0.120068 
12.1061 -6.26124 -0.646792 -0.120068 
12.1024 -6.25837 -0.647655 -0.0701247 
12.1006 -6.25701 -0.648064 -0.0201816 
12.0997 -6.2564 -0.648064 -0.0201816 
12.0979 -6.25504 -0.648476 -0.0701862 
12.0887 -6.24804 -0.650477 -0.392725 
12.0741 -6.23688 -0.653825 -0.342725 
12.0615 -6.22724 -0.650933 -0.292705 
12.0508 -6.21914 -0.648495 -0.242685 
12.0412 -6.21181 -0.648495 -0.242685 
12.0325 -6.20523 -0.650477 -0.192685 
12.0258 -6.20015 -0.648951 -0.142685 
12.0211 -6.1966 -0.650023 -0.0926983 
12.0184 -6.19455 -0.650639 -0.0427114 
12.0167 -6.19325 -0.650639 -0.0427113 
12.015 -6.19196 -0.650639 -0.0427113 
12.0133 -6.19067 -0.650639 -0.0427113 
12.0116 -6.18937 -0.650639 -0.0427113 
12.0099 -6.18808 -0.650639 -0.0427113 
12.0082 -6.18674 -0.651041 -0.0455999 
12.0025 -6.18243 -0.653024 -0.238871 
11.994 -6.17594 -0.651077 -0.188871 
11.9875 -6.17097 -0.652571 -0.138872 
11.983 -6.16751 -0.651534 -0.0888716 
11.9805 -6.16558 -0.650953 -0.0388716 
11.9799 -6.16515 -0.650826 0.0111284 
11.9813 -6.16625 -0.651155 0.0611284 
11.9848 -6.16886 -0.651939 0.111128 
11.9892 -6.17223 -0.651939 0.111127 
11.9936 -6.1756 -0.651939 0.111126 
11.998 -6.17897 -0.651939 0.111123 
12.0014 -6.18159 -0.652724 0.0611227 
12.0029 -6.18269 -0.653052 0.0111227 
12.0023 -6.18226 -0.653179 -0.0388766 
11.9991 -6.17983 -0.656601 -0.121178 
11.9927 -6.17485 -0.663542 -0.203479 
11.9847 -6.16858 -0.663542 -0.203479 
11.9777 -6.16308 -0.665167 -0.153479 
11.9726 -6.15912 -0.663997 -0.103479 
11.9695 -6.1567 -0.663283 -0.0534785 
11.9674 -6.15506 -0.663283 -0.0534785 
11.9663 -6.15418 -0.663542 -0.00347727 
11.9672 -6.15484 -0.663346 0.046524 
11.97 -6.15704 -0.662695 0.0965252 
11.9738 -6.16001 -0.662695 0.0964943 
11.9776 -6.16298 -0.662695 0.0964634 
11.9814 -6.16595 -0.662695 0.0964326 
11.9852 -6.16891 -0.662695 0.0964296 
11.989 -6.17188 -0.662695 0.0964267 
11.9928 -6.17485 -0.662695 0.0964238 
11.9966 -6.17781 -0.662695 0.096421 
12.0004 -6.18078 -0.662695 0.0964182 
12.0042 -6.18374 -0.662695 0.0964155 
12.007 -6.18594 -0.662044 0.0464155 
12.0079 -6.1866 -0.661849 -0.00358453 
12.0067 -6.18572 -0.66211 -0.0535845 
12.0036 -6.1833 -0.662825 -0.103585 
11.9996 -6.18012 -0.662825 -0.103585 
11.9965 -6.1777 -0.663541 -0.0535845 
11.9909 -6.17332 -0.665088 -0.230498 
11.9783 -6.16346 -0.668563 -0.407411 
11.9623 -6.15083 -0.668562 -0.407411 
11.9474 -6.13895 -0.672047 -0.357375 
11.9343 -6.12862 -0.669021 -0.307375 
11.9233 -6.11985 -0.671597 -0.257353 
11.9142 -6.11263 -0.669482 -0.207353 
11.907 -6.10697 -0.671144 -0.157344 
11.9018 -6.10286 -0.669939 -0.107344 
11.8986 -6.1003 -0.669189 -0.057344 
11.8964 -6.09852 -0.669189 -0.057344 
11.8957 -6.098 -0.669716 0.0236832 
11.8982 -6.09999 -0.667709 0.10471 
11.9039 -6.10447 -0.663169 0.185738 
11.9129 -6.11141 -0.656095 0.266765 
11.9251 -6.12072 -0.646489 0.347792 
11.939 -6.1312 -0.646489 0.347783 
11.9519 -6.1409 -0.643551 0.297729 
11.9628 -6.14907 -0.641069 0.247705 
11.9717 -6.15572 -0.639043 0.197681 
11.9787 -6.16086 -0.637471 0.147658 
11.9836 -6.16451 -0.636355 0.0976341 
11.9865 -6.16667 -0.635694 0.0476104 
11.9874 -6.16734 -0.635488 -0.00241319 
11.9873 -6.16726 -0.635488 -0.00241319 
11.9862 -6.16645 -0.635738 -0.0524098 
11.9831 -6.16415 -0.636443 -0.102406 
11.978 -6.16036 -0.637603 -0.152403 
11.9719 -6.15583 -0.637603 -0.152403 
11.9657 -6.15129 -0.637603 -0.152403 
11.9596 -6.14675 -0.637603 -0.152403 
11.9535 -6.14222 -0.637603 -0.152403 
11.9474 -6.13768 -0.637603 -0.152403 
11.9423 -6.13389 -0.638763 -0.102403 
11.9391 -6.13158 -0.639468 -0.052403 
11.937 -6.13001 -0.639468 -0.052403 
11.9349 -6.12845 -0.639468 -0.052403 
11.9328 -6.12689 -0.639468 -0.052403 
11.9307 -6.12532 -0.639468 -0.052403 
11.9286 -6.12376 -0.639468 -0.052403 
11.9265 -6.1222 -0.639468 -0.052403 
11.9244 -6.12063 -0.639468 -0.052403 
11.9223 -6.11907 -0.639468 -0.052403 
11.9212 -6.11825 -0.639717 -0.0024007 
11.9213 -6.11829 -0.639728 0.00490065 
11.9216 -6.11854 -0.639804 0.012202 
11.9223 -6.11902 -0.639944 0.0195033 
11.9232 -6.11971 -0.640149 0.0268047 
11.9244 -6.12062 -0.640419 0.034106 
11.9258 -6.12164 -0.640419 0.0341055 
11.9271 -6.12266 -0.640419 0.0341051 
11.9285 -6.12368 -0.640419 0.0341046 
11.9299 -6.12469 -0.640419 0.0341031 
11.9312 -6.12571 -0.640419 0.0341016 
11.9326 -6.12673 -0.640419 0.0341001 
11.934 -6.12775 -0.640419 0.0340986 
11.9343 -6.12802 -0.640336 -0.0159052 
11.9327 -6.1268 -0.640709 -0.0659089 
11.9291 -6.12408 -0.641536 -0.115913 
11.9234 -6.11986 -0.64282 -0.165916 
11.9168 -6.11489 -0.642819 -0.165916 
11.9111 -6.11066 -0.644103 -0.115916 
11.9075 -6.10793 -0.64493 -0.0659163 
11.9049 -6.10595 -0.64493 -0.0659163 
11.9032 -6.10472 -0.645303 -0.0159163 
11.9038 -6.10515 -0.645536 0.0448891 
11.9068 -6.10742 -0.646746 0.105694 
11.9122 -6.11153 -0.648935 0.1665 
11.9201 -6.11749 -0.6521 0.227305 
11.9303 -6.12533 -0.656244 0.288111 
11.9417 -6.13412 -0.656244 0.288107 
11.9531 -6.14291 -0.656244 0.288103 
11.9645 -6.1517 -0.656244 0.288098 
11.976 -6.16049 -0.656244 0.288093 
11.9874 -6.16928 -0.656244 0.288088 
11.9978 -6.17729 -0.653856 0.237993 
12.0063 -6.18376 -0.651923 0.187899 
12.0127 -6.18869 -0.650445 0.137804 
12.0172 -6.1921 -0.649421 0.0877097 
12.0197 -6.194 -0.648852 0.0376152 
12.0202 -6.19438 -0.648738 -0.0124794 
12.0187 -6.19324 -0.649079 -0.062574 
12.0152 -6.19059 -0.649874 -0.112669 
12.0098 -6.18642 -0.651124 -0.162763 
12.0023 -6.18073 -0.652829 -0.212858 
11.9938 -6.17426 -0.652829 -0.212858 
11.9864 -6.16855 -0.65454 -0.162858 
11.9809 -6.16436 -0.653284 -0.11286 
11.9774 -6.16168 -0.654085 -0.0628888 
11.9759 -6.16053 -0.654431 -0.0129178 
11.9764 -6.1609 -0.654321 0.0370532 
11.9789 -6.16279 -0.653755 0.0870242 
11.9823 -6.16543 -0.653755 0.0869773 
11.9858 -6.16808 -0.653755 0.0869305 
11.9892 -6.17072 -0.653755 0.0868836 
11.9927 -6.17336 -0.653755 0.0868811 
11.9951 -6.17524 -0.653192 0.0368811 
11.9908 -6.17194 -0.653543 -0.254152 
11.9817 -6.16496 -0.65563 -0.204152 
11.9746 -6.15951 -0.654002 -0.154066 
11.9695 -6.15558 -0.655178 -0.104073 
11.9664 -6.15317 -0.654458 -0.0540728 
11.9652 -6.15229 -0.654193 -0.00407278 
11.965 -6.15216 -0.654193 -0.00407278 
11.9639 -6.15128 -0.654458 -0.0540728 
11.9608 -6.14887 -0.655178 -0.104073 
11.9556 -6.14494 -0.656353 -0.154073 
11.9495 -6.14024 -0.656353 -0.154073 
11.9434 -6.13553 -0.656353 -0.154073 
11.9373 -6.13083 -0.656353 -0.154073 
11.9312 -6.12613 -0.656353 -0.154073 
11.9251 -6.12143 -0.656353 -0.154073 
11.92 -6.11749 -0.657528 -0.104073 
11.9169 -6.11508 -0.656808 -0.0540727 
11.9157 -6.11419 -0.656544 -0.00407271 
11.9156 -6.11406 -0.656544 -0.00407271 
11.9154 -6.11394 -0.656544 -0.00407271 
11.9152 -6.11381 -0.656544 -0.00407271 
11.9151 -6.11369 -0.656544 -0.00407271 
11.9139 -6.1128 -0.656808 -0.054077 
11.9089 -6.10888 -0.658771 -0.202771 
11.8979 -6.10037 -0.663006 -0.351465 
11.8812 -6.08721 -0.669514 -0.50016 
11.8616 -6.07169 -0.669514 -0.50016 
11.843 -6.05691 -0.67384 -0.45016 
11.8264 -6.04361 -0.677711 -0.40016 
11.8118 -6.03183 -0.681127 -0.35016 
11.7992 -6.02157 -0.684087 -0.30016 
11.7885 -6.01286 -0.686593 -0.25016 
11.7798 -6.00572 -0.688643 -0.20016 
11.7721 -5.99936 -0.688642 -0.20016 
11.7653 -5.99379 -0.690237 -0.15016 
11.7605 -5.9898 -0.689098 -0.10016 
11.7576 -5.98741 -0.689783 -0.0502024 
11.7566 -5.98661 -0.690013 -0.000245274 
11.7566 -5.9866 -0.690013 -0.000245356 
11.7566 -5.98659 -0.690013 -0.000245439 
11.7566 -5.98659 -0.690013 -0.000245521 
11.7566 -5.98658 -0.690013 -0.000245604 
11.7566 -5.98657 -0.690013 -0.000245604 
11.7556 -5.98577 -0.690243 -0.0502456 
11.749 -5.98031 -0.692514 -0.291929 
11.7387 -5.9718 -0.690084 -0.241929 
11.7304 -5.96489 -0.692059 -0.191929 
11.724 -5.95957 -0.690539 -0.141929 
11.7195 -5.95585 -0.689475 -0.0919289 
11.7169 -5.95372 -0.688865 -0.0419289 
11.7162 -5.95318 -0.688711 0.00807115 
11.7175 -5.95423 -0.689012 0.0580712 
11.7207 -5.95688 -0.689768 0.108071 
11.7258 -5.96111 -0.69098 0.158071 
11.7319 -5.96615 -0.69098 0.158069 
11.738 -5.97118 -0.689541 0.158068 
11.7441 -5.97621 -0.688102 0.158068 
11.7502 -5.98122 -0.688102 0.158068 
11.7554 -5.98545 -0.68689 0.108068 
11.7586 -5.98808 -0.687646 0.0580682 
11.7598 -5.98913 -0.687947 0.0080682 
11.7602 -5.98939 -0.687947 0.00806802 
11.7605 -5.98964 -0.687947 0.00806784 
11.7608 -5.9899 -0.687947 0.00806766 
11.7611 -5.99016 -0.687947 0.00806748 
11.7614 -5.99041 -0.687947 0.0080673 
11.7617 -5.99067 -0.687947 0.00806711 
11.762 -5.99092 -0.687947 0.00806693 
11.7623 -5.99118 -0.687947 0.00806675 
11.7627 -5.99144 -0.687947 0.00806657 
11.763 -5.99169 -0.687947 0.00806452 
11.7623 -5.99115 -0.688102 -0.0419355 
11.7571 -5.98687 -0.680578 -0.229078 
11.7491 -5.98044 -0.682437 -0.179068 
11.7432 -5.97559 -0.681034 -0.129067 
11.7391 -5.97232 -0.680086 -0.0790666 
11.737 -5.97062 -0.679594 -0.0290659 
11.7359 -5.9697 -0.679594 -0.0290659 
11.7347 -5.96879 -0.679594 -0.0290659 
11.7336 -5.96788 -0.679594 -0.0290659 
11.7325 -5.96696 -0.679594 -0.0290659 
11.7314 -5.96605 -0.679594 -0.0290659 
11.7302 -5.96514 -0.679594 -0.0290659 
11.7291 -5.96422 -0.679594 -0.0290659 
11.728 -5.96331 -0.679594 -0.0290659 
11.7268 -5.9624 -0.679594 -0.0290659 
11.7247 -5.9607 -0.680086 -0.079066 
11.7174 -5.95475 -0.680933 -0.298926 
11.7067 -5.94614 -0.678439 -0.248865 
11.698 -5.93911 -0.680477 -0.198865 
11.6913 -5.93365 -0.678894 -0.148865 
11.6864 -5.92975 -0.680023 -0.098831 
11.6836 -5.92743 -0.679351 -0.0488311 
11.6827 -5.92668 -0.679568 0.00115126 
11.6837 -5.92751 -0.679806 0.0511448 
11.6866 -5.9299 -0.6805 0.101138 
11.6906 -5.93308 -0.6805 0.101137 
11.6935 -5.93548 -0.679806 0.0511367 
11.6945 -5.9363 -0.680044 0.00113669 
11.6936 -5.93555 -0.680262 -0.0488633 
11.6888 -5.93164 -0.679464 -0.199776 
11.682 -5.92614 -0.681056 -0.149776 
11.6771 -5.92222 -0.679919 -0.0997735 
11.6742 -5.91987 -0.679238 -0.0497712 
11.6723 -5.91831 -0.679238 -0.0497712 
11.6703 -5.91674 -0.679238 -0.0497712 
11.6684 -5.91518 -0.679238 -0.0497711 
11.6665 -5.91362 -0.679238 -0.0497711 
11.6645 -5.91205 -0.679238 -0.0497711 
11.6626 -5.91049 -0.679238 -0.0497711 
11.6607 -5.90893 -0.679238 -0.0497711 
11.6587 -5.90736 -0.679238 -0.0497711 
11.6568 -5.9058 -0.679238 -0.0497711 
11.6549 -5.90424 -0.679238 -0.0497711 
11.6543 -5.90376 -0.680349 0.0197211 
11.6541 -5.9036 -0.680301 -0.0302754 
11.6519 -5.90186 -0.680805 -0.0802761 
11.6498 -5.90012 -0.680301 -0.0302761 
11.6476 -5.89838 -0.680805 -0.0802772 
11.6435 -5.89506 -0.681763 -0.130278 
11.6375 -5.89017 -0.683177 -0.180279 
11.6305 -5.88448 -0.683176 -0.180279 
11.6245 -5.87957 -0.68459 -0.130282 
11.6204 -5.87625 -0.683631 -0.0802742 
11.6183 -5.8745 -0.684136 -0.0302834 
11.609 -5.86691 -0.6873 -0.449383 
11.5926 -5.85348 -0.683436 -0.399363 
11.5781 -5.84163 -0.686845 -0.349363 
11.5655 -5.83137 -0.683891 -0.299332 
11.5549 -5.82271 -0.681393 -0.249301 
11.5462 -5.81566 -0.679351 -0.19927 
11.5394 -5.81019 -0.677764 -0.149239 
11.5336 -5.80551 -0.677764 -0.149239 
11.5287 -5.80161 -0.678895 -0.0992392 
11.5258 -5.79928 -0.678219 -0.0492392 
11.5249 -5.79852 -0.677998 0.000760787 
11.5259 -5.79933 -0.678233 0.0507608 
11.5289 -5.80171 -0.678923 0.100761 
11.5337 -5.80566 -0.680068 0.150761 
11.5406 -5.81119 -0.681668 0.200761 
11.5493 -5.81831 -0.683724 0.250761 
11.56 -5.82704 -0.686235 0.300761 
11.5726 -5.83738 -0.689201 0.350761 
11.5871 -5.84935 -0.692622 0.400761 
11.6025 -5.86214 -0.692622 0.400757 
11.6179 -5.87494 -0.692622 0.400753 
11.6333 -5.88773 -0.692622 0.400749 
11.6488 -5.90053 -0.692622 0.400745 
11.6642 -5.91332 -0.692622 0.400741 
11.6796 -5.92612 -0.692622 0.400737 
11.695 -5.93891 -0.692622 0.400733 
11.7095 -5.95088 -0.689203 0.350695 
11.722 -5.96126 -0.692167 0.300683 
11.7327 -5.97004 -0.689657 0.250611 
11.7414 -5.97723 -0.691711 0.200566 
11.7481 -5.98283 -0.693309 0.150522 
11.7529 -5.98684 -0.694451 0.100478 
11.7558 -5.98926 -0.695138 0.0504331 
11.7578 -5.99087 -0.695138 0.0504323 
11.7587 -5.99169 -0.694906 0.000432415 
11.7587 -5.99161 -0.694929 -0.00526707 
11.7583 -5.99128 -0.69502 -0.0152664 
11.7594 -5.99227 -0.695139 0.0770987 
11.7642 -5.99622 -0.695614 0.169464 
11.7725 -6.00313 -0.696444 0.261829 
11.7825 -6.01153 -0.696444 0.261824 
11.7916 -6.01912 -0.694288 0.211824 
11.7988 -6.0251 -0.695989 0.161732 
11.804 -6.02948 -0.694744 0.111732 
11.8073 -6.03226 -0.693954 0.0617321 
11.8088 -6.03343 -0.69362 0.0117321 
11.8082 -6.03301 -0.69374 -0.0382679 
11.8058 -6.03098 -0.694316 -0.0882679 
11.8015 -6.02736 -0.695348 -0.138268 
11.7952 -6.02212 -0.696834 -0.188268 
11.787 -6.01527 -0.698776 -0.238268 
11.777 -6.00679 -0.701173 -0.288268 
11.7659 -5.99749 -0.701173 -0.288268 
11.7549 -5.98819 -0.701173 -0.288268 
11.7439 -5.9789 -0.701172 -0.288268 
11.7329 -5.9696 -0.701172 -0.288268 
11.7219 -5.9603 -0.701172 -0.288268 
11.7109 -5.951 -0.701172 -0.288268 
11.6999 -5.9417 -0.701172 -0.288268 
11.6889 -5.9324 -0.701172 -0.288268 
11.6778 -5.92311 -0.701172 -0.288268 
11.6668 -5.91381 -0.701172 -0.288268 
11.6568 -5.9053 -0.703569 -0.238268 
11.6486 -5.89841 -0.701628 -0.188268 
11.6424 -5.89314 -0.703114 -0.138268 
11.6381 -5.88948 -0.702083 -0.0882685 
11.6357 -5.88743 -0.702659 -0.0383242 
11.6352 -5.887 -0.702538 0.0116768 
11.6366 -5.88819 -0.702872 0.0616778 
11.6399 -5.89099 -0.703661 0.111679 
11.6441 -5.89461 -0.703661 0.111677 
11.6484 -5.89822 -0.703661 0.111675 
11.6526 -5.90183 -0.703661 0.111675 
11.656 -5.90463 -0.702872 0.0616751 
11.6573 -5.90582 -0.703206 0.0116736 
11.6568 -5.90539 -0.703327 -0.0383259 
11.6544 -5.90334 -0.703904 -0.0883254 
11.6511 -5.90048 -0.703904 -0.0883254 
11.6477 -5.89762 -0.703904 -0.0883254 
11.6443 -5.89477 -0.703904 -0.0883253 
11.637 -5.88857 -0.70408 -0.294212 
11.6268 -5.87985 -0.706531 -0.244148 
11.6184 -5.87274 -0.704536 -0.194147 
11.612 -5.86727 -0.702996 -0.144147 
11.6065 -5.86261 -0.702996 -0.144147 
11.602 -5.85876 -0.704081 -0.094147 
11.5993 -5.85652 -0.703451 -0.0441471 
11.5986 -5.8559 -0.703277 0.00585276 
11.5988 -5.85609 -0.703277 0.00585256 
11.6001 -5.85717 -0.703427 0.0606507 
11.6014 -5.85832 -0.703102 0.0106548 
11.6009 -5.85786 -0.703233 -0.0393412 
11.5984 -5.85577 -0.703818 -0.0893372 
11.5941 -5.85207 -0.704859 -0.139333 
11.5878 -5.84674 -0.706354 -0.189329 
11.5797 -5.83978 -0.708304 -0.239325 
11.5706 -5.832 -0.708303 -0.239325 
11.5625 -5.82502 -0.710255 -0.189326 
11.5562 -5.81966 -0.711751 -0.139327 
11.551 -5.8151 -0.711749 -0.139327 
11.5466 -5.81137 -0.71279 -0.0893272 
11.5442 -5.80926 -0.713376 -0.0393272 
11.5437 -5.8088 -0.713506 0.0106727 
11.545 -5.80996 -0.713181 0.0606727 
11.5483 -5.81276 -0.712401 0.110673 
11.5534 -5.8172 -0.711166 0.160673 
11.5595 -5.82244 -0.711166 0.160672 
11.5646 -5.82686 -0.70993 0.110672 
11.5679 -5.82966 -0.71071 0.060672 
11.5692 -5.83082 -0.710385 0.010672 
11.5706 -5.83198 -0.71071 0.0606744 
11.5719 -5.83315 -0.710385 0.0106744 
-156681 568499 -1.87657 -1.07164e+08 
-704507 1.56163e+06 0.941488 -2.14329e+08 
