2.46531e-09 -2.99992e-06 
-1.03196e-06 9.4284e-07 
-1.03196e-06 9.4284e-07 
-2.29613e-06 -5.30297e-07 
-0.500002 -0.999999 
-0.500002 -0.999999 
1.06588e-08 1.44772e-09 
-0.5 -1 
-0.499995 -0.999999 
-0.5 -1 
-0.499949 -0.999913 
-0.5 -1 
-0.499884 -0.999567 
-0.5 -1 
-0.5 -1 
-0.5 -1 
3.96137e-08 2.99457e-08 
3.96137e-08 2.99457e-08 
3.96137e-08 2.99457e-08 
3.96137e-08 2.99457e-08 
3.96137e-08 2.99457e-08 
3.96137e-08 2.99457e-08 
3.96137e-08 2.99457e-08 
-1.94302e-06 4.58009e-06 
-1.94302e-06 4.58009e-06 
-1.94302e-06 4.58009e-06 
-1.94302e-06 4.58009e-06 
3.35091e-07 -7.90156e-07 
-0.5 -1 
-0.5 -1 
6.50334e-09 4.90119e-09 
6.50334e-09 4.90119e-09 
2.34443e-08 1.35512e-08 
-0.499917 -0.999953 
-0.499948 -0.999998 
-0.499948 -0.999998 
-0.499948 -0.999998 
-0.499948 -0.999998 
-0.499948 -0.999998 
-0.499948 -0.999998 
7.68142e-05 4.55313e-05 
7.68142e-05 4.55313e-05 
7.68142e-05 4.55313e-05 
7.68142e-05 4.55313e-05 
7.68142e-05 4.55313e-05 
7.68142e-05 4.55313e-05 
7.68142e-05 4.55313e-05 
7.68142e-05 4.55313e-05 
7.68142e-05 4.55313e-05 
2.11523e-08 1.91694e-08 
2.11523e-08 1.91694e-08 
2.11523e-08 1.91694e-08 
7.57401e-09 1.11763e-08 
7.57401e-09 1.11763e-08 
7.49686e-09 1.01322e-08 
7.49686e-09 1.01322e-08 
7.49686e-09 1.01322e-08 
7.49686e-09 1.01322e-08 
6.15486e-09 7.98208e-09 
-0.5 -1 
-0.5 -1.00001 
-0.500001 -1 
-0.500001 -1 
-0.500001 -1 
7.41879e-05 -0.000219482 
7.41879e-05 -0.000219482 
-1.01179e-05 -6.72178e-06 
-1.01179e-05 -6.72178e-06 
-1.01179e-05 -6.72178e-06 
1.41486e-09 6.03179e-09 
1.41486e-09 6.03179e-09 
1.41486e-09 6.03179e-09 
1.41486e-09 6.03179e-09 
2.17994e-05 3.29708e-05 
-0.5 -1 
0.500005 -0.999992 
0.500005 -0.999992 
0.500005 -0.999992 
0.500005 -0.999992 
0.500005 -0.999992 
1.29077e-07 1.12381e-07 
1.29077e-07 1.12381e-07 
1.29077e-07 1.12381e-07 
1.29077e-07 1.12381e-07 
-2.32511e-12 3.01758e-09 
-2.32511e-12 3.01758e-09 
-2.32511e-12 3.01758e-09 
-2.32511e-12 3.01758e-09 
-2.32511e-12 3.01758e-09 
8.05945e-07 -0.000963101 
-0.499999 -0.999997 
0.5 -0.999999 
-0.500023 -0.999969 
0.499997 -0.999916 
0.499997 -0.999916 
5.94473 15.2379 
5.94473 15.2379 
-0.000118685 1.12605e-05 
-0.500162 -1.0003 
-0.500008 -1.00001 
-0.500008 -1.00001 
-0.500008 -1.00001 
5.02421e-08 -7.54813e-05 
5.02421e-08 -7.54813e-05 
2.01937e-05 -0.000104335 
-0.500008 -1.00008 
-0.0705074 -1.00018 
-0.0705074 -1.00018 
4.08718e-06 -0.000109013 
4.08718e-06 -0.000109013 
5.00065e-06 -0.000107352 
-0.500026 -1.00031 
-0.500026 -1.00031 
8.95832e-08 -7.54526e-05 
8.95832e-08 -7.54526e-05 
2.41423e-05 -8.36226e-05 
-0.500069 -1.0003 
0.50006 -1.0002 
-0.499998 -0.999999 
0.499979 -1.00022 
-0.50001 -0.999983 
0.500019 -1.00024 
-0.499998 -0.999992 
-0.499998 -0.999992 
-0.499998 -0.999992 
-0.499998 -0.999992 
-0.499998 -0.999992 
-0.499998 -0.999992 
-0.499998 -0.999992 
1.8768e-07 -8.09376e-05 
-0.500928 -1.00194 
-0.500928 -1.00194 
2.35225e-07 -9.40401e-05 
2.35225e-07 -9.40401e-05 
1.51643e-07 -0.000132523 
1.51643e-07 -0.000132523 
1.8556e-07 -0.000131308 
1.8556e-07 -0.000131308 
2.19032e-07 -0.000130126 
2.19032e-07 -0.000130126 
2.52068e-07 -0.000128977 
0.5 -1 
-0.499964 -0.999971 
0.5 -1 
-0.5 -1 
0.5 -1 
-0.5 -1 
0.5 -0.999998 
0.5 -0.999998 
2.11179 14.2855 
2.11179 14.2855 
2.11179 14.2855 
2.11179 14.2855 
-5.61076e-05 -0.000333611 
0.499951 -1.00014 
-0.500103 -1.00014 
-0.5 -1 
-0.500006 -0.999986 
-0.499999 -1 
-0.499999 -1 
-0.499999 -1 
3.62641e-08 -0.000191859 
3.62641e-08 -0.000191859 
-5.69926e-06 -0.000177942 
-0.500032 -1.00003 
-0.500032 -1.00003 
6.1628e-08 -0.00019786 
0.15508 -1 
-0.499993 -1.00001 
0.5 -1 
-0.5 -1 
0.5 -1 
-0.5 -1 
0.5 -1 
-0.499904 -0.999942 
0.5 -1 
-0.499965 -0.999978 
0.5 -1 
0.5 -1 
0.5 -1 
-2.29584e-05 -0.000199257 
0.500002 -1.00013 
-0.500118 -1.00008 
0.499961 -1.00011 
-0.499983 -0.999998 
0.5 -1 
0.5 -1 
5.27405e-07 -0.000177755 
0.500025 -1.00016 
-0.5 -1 
-0.5 -1 
1.24711e-07 -0.000156882 
0.499998 -1.00014 
-0.499999 -0.999999 
0.5 -1 
-0.499998 -0.999998 
-0.499998 -0.999998 
1.59257e-07 -0.00013901 
1.59257e-07 -0.00013901 
1.22378e-07 -0.000115037 
0.499973 -1.00017 
-0.168879 -1 
0.49997 -1.00018 
0.49997 -1.00018 
0.49997 -1.00018 
4.33148e-08 -0.000119553 
4.33148e-08 -0.000119553 
4.33148e-08 -0.000119553 
4.33148e-08 -0.000119553 
4.33148e-08 -0.000119553 
4.33148e-08 -0.000119553 
1.74404e-07 -0.000101402 
1.74404e-07 -0.000101402 
1.76686e-07 -0.000102008 
1.76686e-07 -0.000102008 
1.76686e-07 -0.000102008 
1.7565e-07 -0.000102949 
0.499964 -1.00019 
0.499964 -1.00019 
0.499964 -1.00019 
0.499964 -1.00019 
0.499964 -1.00019 
6.9647e-08 -0.00010113 
0.49994 -1.00029 
0.500077 -1.00017 
0.500077 -1.00017 
9.13306e-08 -8.8503e-05 
0.499833 -1.00044 
0.499833 -1.00044 
1.11741e-07 -8.19612e-05 
0.499731 -1.0007 
0.499709 -1.00032 
0.49962 -1.00057 
0.499248 -1.00057 
0.498498 -1.00099 
0.5 -1 
0.5 -1 
0.500005 -0.999998 
0.500005 -0.999998 
0.500005 -0.999998 
0.500005 -0.999998 
1.03957e-07 4.73019e-07 
1.03957e-07 4.73019e-07 
4.62464e-07 2.31435e-07 
4.62464e-07 2.31435e-07 
4.62369e-07 2.34354e-07 
0.498597 0.998862 
0.498597 0.998862 
2.2475e-07 1.45245e-07 
0.499998 -1.00009 
3.62019 -6.45079 
0.5 1 
-0.499995 1.0004 
-0.499995 1.0004 
4.50296e-07 3.51001e-07 
0.5 1 
-0.500012 1 
0.500199 0.999738 
0.500199 0.999738 
9.31254e-08 4.02008e-07 
9.31254e-08 4.02008e-07 
9.31254e-08 4.02008e-07 
9.31254e-08 4.02008e-07 
4.62866e-07 8.98323e-08 
0.49999 -0.057772 
0.696618 -3.86543 
-0.499931 1.00001 
0.500372 0.999984 
-0.5 1 
-0.5 1 
-0.5 1 
-0.5 1 
-0.5 1 
4.70215e-07 -2.62444e-05 
4.70215e-07 -2.62444e-05 
5.08068e-07 -6.11141e-05 
-0.5 -1 
-0.5 -1 
0.499999 -0.999986 
1.19915 -1.64602 
1.19915 -1.64602 
-0.000128158 5.20375e-07 
0.5 1 
-0.5 1 
-0.5 1 
4.5181e-07 7.67753e-08 
0.500012 1.00003 
0.500012 1.00003 
0.500012 1.00003 
5.08344e-07 -0.000617995 
5.08344e-07 -0.000617995 
5.08344e-07 -0.000617995 
5.05841e-07 -5.83949e-05 
5.05841e-07 -5.83949e-05 
5.05841e-07 -5.83949e-05 
5.04195e-07 -5.59689e-05 
5.04195e-07 -5.59689e-05 
5.03171e-07 -5.44563e-05 
0.5 -1 
0.5 -1 
0.5 -1 
0.5 -1 
2.06651e-05 4.71861e-07 
0.5 1 
-2.56266 -3.53827 
-2.56266 -3.53827 
-6.08092e-05 4.84738e-07 
0.500355 1.00073 
-0.500001 1 
0.50086 1.00044 
-0.499972 1 
0.500604 1.00018 
-0.5 1 
-0.5 1 
4.50697e-07 8.7516e-08 
-2.06058 1.62054 
-2.06058 1.62054 
-2.06058 1.62054 
-2.06058 1.62054 
-2.06058 1.62054 
-7.634e-05 -0.00017647 
0.499906 -1.00109 
0.499814 -1.00047 
0.499814 -1.00047 
0.499814 -1.00047 
0.499814 -1.00047 
0.499814 -1.00047 
0.499814 -1.00047 
9.53384e-08 9.99177e-09 
0.5 -0.999933 
0.5 -0.999933 
0.5 -0.999933 
-2.84965e-06 4.46271e-07 
-2.84965e-06 4.46271e-07 
4.59753e-07 3.75501e-07 
4.59753e-07 3.75501e-07 
4.59531e-07 3.83542e-07 
0.5 1 
0.5 1 
3.96662e-05 3.66625e-07 
3.96662e-05 3.66625e-07 
4.61812e-07 1.24677e-07 
4.61812e-07 1.24677e-07 
4.61812e-07 1.24677e-07 
4.61812e-07 1.24677e-07 
4.61812e-07 1.24677e-07 
4.61667e-07 1.26902e-07 
0.500006 1.00005 
5.79474 0.146027 
5.79474 0.146027 
5.79474 0.146027 
5.79474 0.146027 
5.79474 0.146027 
4.57938e-07 -9.56174e-06 
4.57938e-07 -9.56174e-06 
4.57938e-07 -9.56174e-06 
4.84716e-07 -3.01593e-05 
4.84716e-07 -3.01593e-05 
4.84716e-07 -3.01593e-05 
4.84339e-07 -2.95791e-05 
0.5 -1.00007 
0.5 -1.00007 
0.5 -1.00007 
0.5 -1.00007 
-2.33766e-05 4.27665e-07 
0.5 1 
0.5 1 
-7.555e-06 2.30309e-07 
0.5 1 
8.65735 1.21611 
8.65735 1.21611 
8.65735 1.21611 
8.65735 1.21611 
8.65735 1.21611 
4.08519e-07 -8.03935e-05 
4.08519e-07 -8.03935e-05 
4.6512e-07 -9.6675e-05 
4.6512e-07 -9.6675e-05 
4.76868e-07 -9.65526e-05 
0.498732 -1.00189 
0.498732 -1.00189 
0.498732 -1.00189 
0.498732 -1.00189 
0.498732 -1.00189 
0.498732 -1.00189 
0.498732 -1.00189 
0.498732 -1.00189 
0.498732 -1.00189 
0.498732 -1.00189 
-3.99921e-06 4.66662e-07 
0.5 1 
-0.50003 0.999957 
0.500418 0.99942 
0.500418 0.99942 
0.500418 0.99942 
0.500418 0.99942 
7.48894e-07 -0.000937018 
7.48894e-07 -0.000937018 
7.48894e-07 -0.000937018 
5.00765e-07 -5.12691e-05 
0.5 -1 
0.19181 -5.82065 
0.5 1 
-0.499217 1.00171 
0.50025 0.999866 
-0.5 0.999999 
-0.5 0.999999 
4.52503e-07 4.60419e-09 
0.5 -1 
0.5 -1 
0.5 -1 
-1.60019e-05 4.25297e-07 
-1.60019e-05 4.25297e-07 
4.59162e-07 4.01563e-07 
4.59162e-07 4.01563e-07 
4.58912e-07 4.1068e-07 
0.5 1 
-0.5 1 
-0.5 1 
4.51838e-07 4.79293e-09 
4.51838e-07 4.79293e-09 
4.51838e-07 4.79293e-09 
4.62623e-07 6.67968e-09 
0.499984 -1.00009 
7.02529 -2.97388 
7.02529 -2.97388 
7.02529 -2.97388 
-2.36207e-05 4.83767e-07 
0.5 1 
0.5 1 
0.5 1 
0.5 1 
0.5 1 
0.5 1 
-0.000135813 3.35509e-07 
0.5 1 
-0.5 1 
0.500662 0.999143 
0.500662 0.999143 
-0.000444048 -1.64703e-06 
-0.000444048 -1.64703e-06 
-0.000444048 -1.64703e-06 
-0.000444048 -1.64703e-06 
4.59678e-07 -4.06544e-09 
0.5 -1 
0.6726 -4.83366 
-0.5 1 
0.5 1 
-0.5 1 
-0.5 1 
-0.5 1 
-0.5 1 
-0.5 1 
-0.5 1 
-0.5 1 
4.82584e-07 -4.72979e-05 
0.500001 -5.91414e-06 
0.500001 -5.91414e-06 
7.60203e-10 3.4123e-09 
0.5 -1 
-0.5 -1 
-0.5 -1 
4.51536e-07 -3.63073e-06 
4.51536e-07 -3.63073e-06 
4.51536e-07 -3.63073e-06 
4.51536e-07 -3.63073e-06 
4.51536e-07 -3.63073e-06 
4.51536e-07 -3.63073e-06 
4.51536e-07 -3.63073e-06 
4.51536e-07 -3.63073e-06 
4.51536e-07 -3.63073e-06 
4.90563e-07 -4.10476e-05 
0.5 -1 
1.86242 -3.74284 
0.500111 1.0002 
-0.500049 1.00001 
-0.500049 1.00001 
-0.500049 1.00001 
4.48249e-07 5.02286e-08 
4.48249e-07 5.02286e-08 
4.58047e-07 1.05476e-07 
4.58047e-07 1.05476e-07 
4.58047e-07 1.05476e-07 
4.58047e-07 1.05476e-07 
4.58047e-07 1.05476e-07 
4.58047e-07 1.05476e-07 
4.57825e-07 1.07448e-07 
0.500005 -1 
-2.87905 -4.39721 
-0.500016 1.00124 
0.500001 0.999998 
-0.5 1 
0.500537 1.00067 
-0.5 0.999999 
0.50115 0.999646 
-0.499958 0.999871 
-0.499958 0.999871 
4.72073e-07 -3.34269e-05 
0.5 -0.999999 
-0.5 -1 
0.5 -1 
-0.36733 -3.01825 
0.5 1 
-0.500242 1.00005 
-0.500242 1.00005 
4.46445e-07 9.3633e-08 
4.46445e-07 9.3633e-08 
4.54289e-07 2.29963e-07 
4.54289e-07 2.29963e-07 
4.54289e-07 2.29963e-07 
4.54289e-07 2.29963e-07 
4.54289e-07 2.29963e-07 
4.54289e-07 2.29963e-07 
4.54289e-07 2.29963e-07 
4.53517e-07 2.41172e-07 
-1.79237 1.38984 
-0.500194 -0.999931 
0.500052 -1.00001 
-0.499999 0.999999 
0.499997 -1.00002 
0.499997 -1.00002 
0.499997 -1.00002 
-0.000301757 1.6388e-07 
0.500034 0.999943 
-0.500167 1.00016 
0.501185 0.999815 
-11.8968 -8.382 
-0.499996 1.0004 
0.5 1 
-0.500064 1.00062 
-0.500064 1.00062 
-0.500064 1.00062 
-0.500064 1.00062 
4.397e-07 3.50813e-07 
0.5 1 
-0.5 1 
-0.5 1 
-0.5 1 
-0.5 1 
-0.5 1 
-0.5 1 
-0.5 1 
-0.5 1 
-0.5 1 
-0.5 1 
3.60082e-07 -8.01073e-05 
3.60082e-07 -8.01073e-05 
3.60082e-07 -8.01073e-05 
3.60082e-07 -8.01073e-05 
3.60082e-07 -8.01073e-05 
3.60082e-07 -8.01073e-05 
2.44321e-07 -8.02586e-05 
0.499744 -1.00076 
-0.499841 -1.00024 
0.500031 -1.00144 
-0.499878 -1.00089 
-0.499878 -1.00089 
-0.499878 -1.00089 
-0.499878 -1.00089 
4.6065e-07 -1.6376e-05 
0.5 -0.999998 
0.507595 -0.11399 
0.489649 -0.199987 
2.91451 1.8473 
2.91451 1.8473 
2.91451 1.8473 
4.66812e-07 -0.000101798 
0.5 -1 
-0.500049 -1.00183 
0.5 -1 
0.5 -1 
0.5 -1 
0.5 -1 
0.5 -1 
0.5 -1 
0.5 -1 
0.5 -1 
0.5 -1 
-6.991e-05 4.46114e-07 
-6.991e-05 4.46114e-07 
-6.991e-05 4.46114e-07 
1.37726e-07 4.78195e-07 
1.37726e-07 4.78195e-07 
1.37726e-07 4.78195e-07 
1.37726e-07 4.78195e-07 
1.37726e-07 4.78195e-07 
1.37726e-07 4.78195e-07 
1.00081e-07 4.78351e-07 
0.5 1 
-0.499995 0.999995 
0.500005 0.999989 
-0.5 1 
0.500086 0.998885 
-0.499987 1.00002 
-0.499987 1.00002 
-0.499987 1.00002 
4.7594e-07 -4.0166e-05 
4.7594e-07 -4.0166e-05 
-3.75034e-12 3.27672e-09 
0.500004 -0.999993 
-0.499981 -1.00003 
0.500027 -0.99999 
0.500027 -0.99999 
1.43277e-09 2.54467e-12 
1.43277e-09 2.54467e-12 
4.15479e-07 4.62637e-07 
-3.08621 -4.11772 
0.500015 1.00128 
-0.49998 1.00001 
-0.49998 1.00001 
4.42108e-07 3.12124e-07 
0.5 1 
-0.499999 0.999997 
-0.499999 0.999997 
4.48053e-07 -3.97641e-06 
6.01977 1.09596 
0.499769 -0.99992 
0.499769 -0.99992 
0.499769 -0.99992 
0.499769 -0.99992 
0.499769 -0.99992 
0.499769 -0.99992 
-0.000239676 3.50095e-07 
0.49997 0.99998 
0.49997 0.99998 
-0.00084415 -4.96083e-07 
0.5 1 
0.5 1 
0.5 1 
0.5 1 
0.5 1 
0.5 1 
0.000105032 -1.38692e-05 
0.5 -1 
-0.5 -1 
0.5 -1 
-0.499982 1.00005 
0.5 -1 
-2.14329e+09 -2.14329e+09 
-2.14329e+09 -2.14329e+09 
