0 0 0.216466 
0.05 0.0109956 0.216466 
0.1 0.021991 0.216463 
0.15 0.0329862 0.216459 
0.2 0.0439811 0.216453 
0.25 0.0549756 0.216445 
0.3 0.0659695 0.216434 
0.35 0.0769628 0.216422 
0.4 0.0879553 0.216408 
0.45 0.098947 0.216391 
0.5 0.109938 0.216372 
0.55 0.120927 0.216352 
0.6 0.131916 0.216329 
0.65 0.142903 0.216304 
0.7 0.153888 0.216277 
0.75 0.164873 0.216248 
0.8 0.175855 0.216217 
0.85 0.186836 0.216184 
0.9 0.197815 0.216149 
0.95 0.208792 0.216112 
1 0.219767 0.216072 
1.05 0.23074 0.216031 
1.1 0.24171 0.215987 
1.15 0.252678 0.215942 
1.2 0.263644 0.215894 
1.25 0.274607 0.215845 
1.3 0.285567 0.215793 
1.35 0.296525 0.215739 
1.4 0.307479 0.215683 
1.45 0.318431 0.215625 
1.5 0.329379 0.215565 
1.55 0.340324 0.215503 
1.6 0.351266 0.215439 
1.65 0.362204 0.215373 
1.7 0.373139 0.215305 
1.75 0.38407 0.215235 
1.8 0.394997 0.215162 
1.85 0.405921 0.215088 
1.9 0.41684 0.215011 
1.95 0.427755 0.214933 
2 0.438666 0.214852 
2.05 0.449573 0.21477 
2.1 0.460475 0.214685 
2.15 0.471373 0.214598 
2.2 0.482266 0.214509 
2.25 0.493154 0.214418 
2.3 0.504038 0.214325 
2.35 0.514916 0.21423 
2.4 0.52579 0.214133 
2.45 0.536658 0.214034 
2.5 0.547521 0.213933 
2.55 0.558378 0.21383 
2.6 0.56923 0.213725 
2.65 0.580076 0.213617 
2.7 0.590917 0.213508 
2.75 0.601752 0.213397 
2.8 0.612581 0.213283 
2.85 0.623404 0.213168 
2.9 0.63422 0.21305 
2.95 0.645031 0.21293 
3 0.655835 0.212809 
3.05 0.666632 0.212685 
3.1 0.677423 0.212559 
3.15 0.688207 0.212432 
3.2 0.698985 0.212302 
3.25 0.709756 0.21217 
3.3 0.720519 0.212036 
3.35 0.731276 0.2119 
3.4 0.742025 0.211762 
3.45 0.752767 0.211622 
3.5 0.763501 0.21148 
3.55 0.774228 0.211336 
3.6 0.784948 0.21119 
3.65 0.795659 0.211042 
3.7 0.806363 0.210892 
3.75 0.817059 0.210739 
3.8 0.827746 0.210585 
3.85 0.838426 0.210429 
3.9 0.849097 0.210271 
3.95 0.85976 0.21011 
4 0.870415 0.209948 
4.05 0.88106 0.209784 
4.1 0.891698 0.209617 
4.15 0.902326 0.209449 
4.2 0.912945 0.209278 
4.25 0.923556 0.209106 
4.3 0.934157 0.208932 
4.35 0.944749 0.208755 
4.4 0.955332 0.208577 
4.45 0.965905 0.208396 
4.5 0.976469 0.208214 
4.55 0.987023 0.208029 
4.6 0.997567 0.207843 
4.65 1.0081 0.207654 
4.7 1.01863 0.207464 
4.75 1.02914 0.207271 
4.8 1.03965 0.207076 
4.85 1.05014 0.20688 
4.9 1.06062 0.206681 
4.95 1.0711 0.206481 
5 1.08156 0.206278 
5.05 1.09201 0.206074 
5.1 1.10245 0.205867 
5.15 1.11288 0.205659 
5.2 1.1233 0.205448 
5.25 1.13371 0.205236 
5.3 1.14411 0.205021 
5.35 1.15449 0.204805 
5.4 1.16487 0.204586 
5.45 1.17523 0.204366 
5.5 1.18558 0.204143 
5.55 1.19592 0.203919 
5.6 1.20625 0.203692 
5.65 1.21657 0.203464 
5.7 1.22687 0.203234 
5.75 1.23716 0.203001 
5.8 1.24744 0.202767 
5.85 1.25771 0.202531 
5.9 1.26796 0.202293 
5.95 1.27821 0.202052 
6 1.28844 0.20181 
6.05 1.29865 0.201566 
6.1 1.30886 0.20132 
6.15 1.31905 0.201072 
6.2 1.32923 0.200822 
6.25 1.33939 0.20057 
6.3 1.34954 0.200316 
6.35 1.35968 0.20006 
6.4 1.36981 0.199802 
6.45 1.37992 0.199543 
6.5 1.39002 0.199281 
6.55 1.4001 0.199017 
6.6 1.41017 0.198752 
6.65 1.42023 0.198484 
6.7 1.43027 0.198215 
6.75 1.4403 0.197943 
6.8 1.45031 0.19767 
6.85 1.46031 0.197395 
6.9 1.4703 0.197118 
6.95 1.48027 0.196839 
7 1.49023 0.196558 
7.05 1.50017 0.196275 
7.1 1.5101 0.19599 
7.15 1.52001 0.195703 
7.2 1.52991 0.195414 
7.25 1.53979 0.195124 
7.3 1.54965 0.194831 
7.35 1.55951 0.194537 
7.4 1.56934 0.19424 
7.45 1.57916 0.193942 
7.5 1.58897 0.193642 
7.55 1.59876 0.19334 
7.6 1.60853 0.193036 
7.65 1.61829 0.19273 
7.7 1.62803 0.192422 
7.75 1.63775 0.192113 
7.8 1.64746 0.191801 
7.85 1.65716 0.191488 
7.9 1.66683 0.191172 
7.95 1.67649 0.190855 
8 1.68614 0.190536 
8.05 1.69577 0.190215 
8.1 1.70538 0.189893 
8.15 1.71497 0.189568 
8.2 1.72455 0.189241 
8.25 1.73411 0.188913 
8.3 1.74365 0.188583 
8.35 1.75317 0.188251 
8.4 1.76268 0.187917 
8.45 1.77217 0.187581 
8.5 1.78164 0.187243 
8.55 1.7911 0.186904 
8.6 1.80054 0.186562 
8.65 1.80996 0.186219 
8.7 1.81936 0.185874 
8.75 1.82874 0.185527 
8.8 1.83811 0.185178 
8.85 1.84746 0.184828 
8.9 1.85679 0.184476 
8.95 1.8661 0.184121 
9 1.87539 0.183765 
9.05 1.88467 0.183407 
9.1 1.89392 0.183048 
9.15 1.90316 0.182686 
9.2 1.91238 0.182323 
9.25 1.92158 0.181958 
9.3 1.93076 0.181591 
9.35 1.93992 0.181222 
9.4 1.94906 0.180852 
9.45 1.95819 0.180479 
9.5 1.96729 0.180105 
9.55 1.97638 0.179729 
9.6 1.98544 0.179352 
9.65 1.99449 0.178972 
9.7 2.00351 0.178591 
9.75 2.01252 0.178208 
9.8 2.0215 0.177823 
9.85 2.03047 0.177437 
9.9 2.03942 0.177048 
9.95 2.04834 0.176658 
10 2.05725 0.176266 
10.05 2.06613 0.175873 
10.1 2.075 0.175477 
10.15 2.08384 0.17508 
10.2 2.09267 0.174681 
10.25 2.10147 0.174281 
10.3 2.11025 0.173878 
10.35 2.11902 0.173474 
10.4 2.12776 0.173068 
10.45 2.13648 0.172661 
10.5 2.14517 0.172252 
10.55 2.15385 0.171841 
10.6 2.16251 0.171428 
10.65 2.17114 0.171013 
10.7 2.17976 0.170597 
10.75 2.18835 0.170179 
10.8 2.19692 0.16976 
10.85 2.20547 0.169338 
10.9 2.214 0.168915 
10.95 2.2225 0.168491 
11 2.23098 0.168064 
11.05 2.23945 0.167636 
11.1 2.24788 0.167206 
11.15 2.2563 0.166775 
11.2 2.2647 0.166342 
11.25 2.27307 0.165907 
11.3 2.28142 0.16547 
11.35 2.28975 0.165032 
11.4 2.29805 0.164592 
11.45 2.30633 0.164151 
11.5 2.31459 0.163708 
11.55 2.32283 0.163263 
11.6 2.33104 0.162817 
11.65 2.33923 0.162369 
11.7 2.3474 0.161919 
11.75 2.35554 0.161468 
11.8 2.36366 0.161015 
11.85 2.37176 0.16056 
11.9 2.37984 0.160104 
11.95 2.38789 0.159646 
12 2.39591 0.159186 
12.05 2.40392 0.158725 
12.1 2.4119 0.158263 
12.15 2.41985 0.157798 
12.2 2.42779 0.157332 
12.25 2.43569 0.156865 
12.3 2.44358 0.156396 
12.35 2.45144 0.155925 
12.4 2.45927 0.155453 
12.45 2.46709 0.154979 
12.5 2.47487 0.154504 
12.55 2.48264 0.154027 
12.6 2.49037 0.153548 
12.65 2.49809 0.153068 
12.7 2.50578 0.152586 
12.75 2.51344 0.152103 
12.8 2.52108 0.151618 
12.85 2.5287 0.151132 
12.9 2.53629 0.150644 
12.95 2.54385 0.150155 
13 2.55139 0.149664 
13.05 2.5589 0.149171 
13.1 2.56639 0.148677 
13.15 2.57386 0.148182 
13.2 2.5813 0.147685 
13.25 2.58871 0.147186 
13.3 2.5961 0.146686 
13.35 2.60346 0.146185 
13.4 2.61079 0.145682 
13.45 2.6181 0.145177 
13.5 2.62539 0.144671 
13.55 2.63265 0.144164 
13.6 2.63988 0.143655 
13.65 2.64709 0.143144 
13.7 2.65427 0.142632 
13.75 2.66142 0.142119 
13.8 2.66855 0.141604 
13.85 2.67565 0.141088 
13.9 2.68273 0.14057 
13.95 2.68977 0.140051 
14 2.6968 0.13953 
14.05 2.70379 0.139008 
14.1 2.71076 0.138485 
14.15 2.7177 0.13796 
14.2 2.72462 0.137433 
14.25 2.73151 0.136906 
14.3 2.73837 0.136376 
14.35 2.7452 0.135846 
14.4 2.75201 0.135314 
14.45 2.75879 0.13478 
14.5 2.76554 0.134246 
14.55 2.77227 0.13371 
14.6 2.77897 0.133172 
14.65 2.78564 0.132633 
14.7 2.79228 0.132093 
14.75 2.7989 0.131551 
14.8 2.80548 0.131008 
14.85 2.81204 0.130464 
14.9 2.81858 0.129918 
14.95 2.82508 0.129371 
15 2.83156 0.128823 
15.05 2.83801 0.128273 
15.1 2.84443 0.127722 
15.15 2.85082 0.127169 
15.2 2.85719 0.126616 
15.25 2.86352 0.126061 
15.3 2.86983 0.125504 
15.35 2.87611 0.124947 
15.4 2.88236 0.124388 
15.45 2.88859 0.123827 
15.5 2.89478 0.123266 
15.55 2.90095 0.122703 
15.6 2.90709 0.122139 
15.65 2.91319 0.121574 
15.7 2.91927 0.121007 
15.75 2.92533 0.120439 
15.8 2.93135 0.11987 
15.85 2.93734 0.1193 
15.9 2.94331 0.118728 
15.95 2.94924 0.118155 
16 2.95515 0.117581 
16.05 2.96102 0.117006 
16.1 2.96687 0.116429 
16.15 2.97269 0.115851 
16.2 2.97848 0.115272 
16.25 2.98424 0.114692 
16.3 2.98997 0.114111 
16.35 2.99567 0.113528 
16.4 3.00134 0.112944 
16.45 3.00699 0.11236 
16.5 3.0126 0.111773 
16.55 3.01818 0.111186 
16.6 3.02373 0.110598 
16.65 3.02925 0.110008 
16.7 3.03475 0.109417 
16.75 3.04021 0.108825 
16.8 3.04564 0.108232 
16.85 3.05105 0.107638 
16.9 3.05642 0.107043 
16.95 3.06176 0.106446 
17 3.06707 0.105849 
17.05 3.07236 0.10525 
17.1 3.07761 0.10465 
17.15 3.08283 0.104049 
17.2 3.08802 0.103447 
17.25 3.09318 0.102844 
17.3 3.09831 0.10224 
17.35 3.10341 0.101635 
17.4 3.10848 0.101028 
17.45 3.11352 0.100421 
17.5 3.11852 0.0998126 
17.55 3.1235 0.0992031 
17.6 3.12844 0.0985925 
17.65 3.13336 0.0979809 
17.7 3.13824 0.0973683 
17.75 3.1431 0.0967547 
17.8 3.14792 0.09614 
17.85 3.15271 0.0955243 
17.9 3.15747 0.0949076 
17.95 3.1622 0.0942899 
18 3.16689 0.0936712 
18.05 3.17156 0.0930515 
18.1 3.1762 0.0924309 
18.15 3.1808 0.0918092 
18.2 3.18537 0.0911866 
18.25 3.18991 0.090563 
18.3 3.19442 0.0899385 
18.35 3.1989 0.089313 
18.4 3.20334 0.0886865 
18.45 3.20776 0.0880591 
18.5 3.21214 0.0874308 
18.55 3.21649 0.0868016 
18.6 3.22081 0.0861714 
18.65 3.2251 0.0855403 
18.7 3.22935 0.0849083 
18.75 3.23358 0.0842754 
18.8 3.23777 0.0836416 
18.85 3.24193 0.0830069 
18.9 3.24606 0.0823714 
18.95 3.25015 0.0817349 
19 3.25422 0.0810976 
19.05 3.25825 0.0804594 
19.1 3.26225 0.0798204 
19.15 3.26622 0.0791805 
19.2 3.27015 0.0785398 
19.25 3.27405 0.0778982 
19.3 3.27792 0.0772558 
19.35 3.28176 0.0766126 
19.4 3.28557 0.0759686 
19.45 3.28934 0.0753238 
19.5 3.29308 0.0746781 
19.55 3.29679 0.0740317 
19.6 3.30047 0.0733844 
19.65 3.30411 0.0727364 
19.7 3.30772 0.0720876 
19.75 3.3113 0.0714381 
19.8 3.31484 0.0707878 
19.85 3.31836 0.0701367 
19.9 3.32184 0.0694848 
19.95 3.32528 0.0688323 
20 3.3287 0.068179 
20.05 3.33208 0.0675249 
20.1 3.33543 0.0668702 
20.15 3.33874 0.0662147 
20.2 3.34203 0.0655585 
20.25 3.34528 0.0649016 
20.3 3.34849 0.064244 
20.35 3.35168 0.0635858 
20.4 3.35483 0.0629268 
20.45 3.35794 0.0622672 
20.5 3.36103 0.0616069 
20.55 3.36408 0.060946 
20.6 3.3671 0.0602844 
20.65 3.37008 0.0596221 
20.7 3.37303 0.0589592 
20.75 3.37595 0.0582957 
20.8 3.37884 0.0576315 
20.85 3.38169 0.0569668 
20.9 3.38451 0.0563014 
20.95 3.38729 0.0556354 
21 3.39004 0.0549688 
21.05 3.39276 0.0543017 
21.1 3.39544 0.0536339 
21.15 3.39809 0.0529656 
21.2 3.40071 0.0522967 
21.25 3.40329 0.0516272 
21.3 3.40584 0.0509572 
21.35 3.40836 0.0502866 
21.4 3.41084 0.0496155 
21.45 3.41329 0.0489439 
21.5 3.41571 0.0482717 
21.55 3.41809 0.047599 
21.6 3.42044 0.0469258 
21.65 3.42275 0.0462521 
21.7 3.42503 0.0455779 
21.75 3.42728 0.0449032 
21.8 3.42949 0.0442281 
21.85 3.43167 0.0435524 
21.9 3.43382 0.0428763 
21.95 3.43593 0.0421997 
22 3.43801 0.0415227 
22.05 3.44005 0.0408452 
22.1 3.44206 0.0401673 
22.15 3.44403 0.0394889 
22.2 3.44598 0.0388101 
22.25 3.44788 0.0381309 
22.3 3.44976 0.0374513 
22.35 3.4516 0.0367713 
22.4 3.4534 0.0360909 
22.45 3.45517 0.0354101 
22.5 3.45691 0.0347289 
22.55 3.45861 0.0340473 
22.6 3.46028 0.0333654 
22.65 3.46192 0.0326831 
22.7 3.46352 0.0320005 
22.75 3.46508 0.0313175 
22.8 3.46661 0.0306342 
22.85 3.46811 0.0299505 
22.9 3.46958 0.0292665 
22.95 3.47101 0.0285822 
23 3.4724 0.0278976 
23.05 3.47376 0.0272127 
23.1 3.47509 0.0265275 
23.15 3.47638 0.0258421 
23.2 3.47764 0.0251563 
23.25 3.47886 0.0244703 
23.3 3.48005 0.023784 
23.35 3.48121 0.0230974 
23.4 3.48233 0.0224106 
23.45 3.48341 0.0217235 
23.5 3.48447 0.0210363 
23.55 3.48548 0.0203488 
23.6 3.48647 0.019661 
23.65 3.48742 0.0189731 
23.7 3.48833 0.0182849 
23.75 3.48921 0.0175966 
23.8 3.49006 0.016908 
23.85 3.49087 0.0162193 
23.9 3.49164 0.0155304 
23.95 3.49239 0.0148414 
24 3.49309 0.0141521 
24.05 3.49377 0.0134628 
24.1 3.49441 0.0127732 
24.15 3.49501 0.0120836 
24.2 3.49558 0.0113938 
24.25 3.49611 0.0107039 
24.3 3.49662 0.0100138 
24.35 3.49708 0.00932371 
24.4 3.49751 0.00863347 
24.45 3.49791 0.00794313 
24.5 3.49827 0.00725271 
24.55 3.4986 0.00656222 
24.6 3.49889 0.00587165 
24.65 3.49915 0.00518101 
24.7 3.49938 0.00449033 
24.75 3.49957 0.00379959 
24.8 3.49972 0.00310881 
24.85 3.49984 0.002418 
24.9 3.49993 0.00172716 
24.95 3.49998 0.0010363 
25 3.5 0.000345436 
25.05 3.49998 -0.000345436 
25.1 3.49993 -0.0010363 
25.15 3.49984 -0.00172716 
25.2 3.49972 -0.002418 
25.25 3.49957 -0.00310881 
25.3 3.49938 -0.00379959 
25.35 3.49915 -0.00449033 
25.4 3.49889 -0.00518101 
25.45 3.4986 -0.00587165 
25.5 3.49827 -0.00656222 
25.55 3.49791 -0.00725271 
25.6 3.49751 -0.00794313 
25.65 3.49708 -0.00863347 
25.7 3.49662 -0.00932371 
25.75 3.49611 -0.0100138 
25.8 3.49558 -0.0107039 
25.85 3.49501 -0.0113938 
25.9 3.49441 -0.0120836 
25.95 3.49377 -0.0127732 
26 3.49309 -0.0134628 
26.05 3.49239 -0.0141521 
26.1 3.49164 -0.0148414 
26.15 3.49087 -0.0155304 
26.2 3.49006 -0.0162193 
26.25 3.48921 -0.016908 
26.3 3.48833 -0.0175966 
26.35 3.48742 -0.0182849 
26.4 3.48647 -0.0189731 
26.45 3.48548 -0.019661 
26.5 3.48447 -0.0203488 
26.55 3.48341 -0.0210363 
26.6 3.48233 -0.0217235 
26.65 3.48121 -0.0224106 
26.7 3.48005 -0.0230974 
26.75 3.47886 -0.023784 
26.8 3.47764 -0.0244703 
26.85 3.47638 -0.0251563 
26.9 3.47509 -0.0258421 
26.95 3.47376 -0.0265275 
27 3.4724 -0.0272127 
27.05 3.47101 -0.0278976 
27.1 3.46958 -0.0285822 
27.15 3.46811 -0.0292665 
27.2 3.46661 -0.0299505 
27.25 3.46508 -0.0306342 
27.3 3.46352 -0.0313175 
27.35 3.46192 -0.0320005 
27.4 3.46028 -0.0326831 
27.45 3.45861 -0.0333654 
27.5 3.45691 -0.0340473 
27.55 3.45517 -0.0347289 
27.6 3.4534 -0.0354101 
27.65 3.4516 -0.0360909 
27.7 3.44976 -0.0367713 
27.75 3.44788 -0.0374513 
27.8 3.44598 -0.0381309 
27.85 3.44403 -0.0388101 
27.9 3.44206 -0.0394889 
27.95 3.44005 -0.0401673 
28 3.43801 -0.0408452 
28.05 3.43593 -0.0415227 
28.1 3.43382 -0.0421997 
28.15 3.43167 -0.0428763 
28.2 3.42949 -0.0435524 
28.25 3.42728 -0.0442281 
28.3 3.42503 -0.0449032 
28.35 3.42275 -0.0455779 
28.4 3.42044 -0.0462521 
28.45 3.41809 -0.0469258 
28.5 3.41571 -0.047599 
28.55 3.41329 -0.0482717 
28.6 3.41084 -0.0489439 
28.65 3.40836 -0.0496155 
28.7 3.40584 -0.0502866 
28.75 3.40329 -0.0509572 
28.8 3.40071 -0.0516272 
28.85 3.39809 -0.0522967 
28.9 3.39544 -0.0529656 
28.95 3.39276 -0.0536339 
29 3.39004 -0.0543017 
29.05 3.38729 -0.0549688 
29.1 3.38451 -0.0556354 
29.15 3.38169 -0.0563014 
29.2 3.37884 -0.0569668 
29.25 3.37595 -0.0576315 
29.3 3.37303 -0.0582957 
29.35 3.37008 -0.0589592 
29.4 3.3671 -0.0596221 
29.45 3.36408 -0.0602844 
29.5 3.36103 -0.060946 
29.55 3.35794 -0.0616069 
29.6 3.35483 -0.0622672 
29.65 3.35168 -0.0629268 
29.7 3.34849 -0.0635858 
29.75 3.34528 -0.064244 
29.8 3.34203 -0.0649016 
29.85 3.33874 -0.0655585 
29.9 3.33543 -0.0662147 
29.95 3.33208 -0.0668702 
30 3.3287 -0.0675249 
30.05 3.32528 -0.068179 
30.1 3.32184 -0.0688323 
30.15 3.31836 -0.0694848 
30.2 3.31484 -0.0701367 
30.25 3.3113 -0.0707878 
30.3 3.30772 -0.0714381 
30.35 3.30411 -0.0720876 
30.4 3.30047 -0.0727364 
30.45 3.29679 -0.0733844 
30.5 3.29308 -0.0740317 
30.55 3.28934 -0.0746781 
30.6 3.28557 -0.0753238 
30.65 3.28176 -0.0759686 
30.7 3.27792 -0.0766126 
30.75 3.27405 -0.0772558 
30.8 3.27015 -0.0778982 
30.85 3.26622 -0.0785398 
30.9 3.26225 -0.0791805 
30.95 3.25825 -0.0798204 
31 3.25422 -0.0804594 
31.05 3.25015 -0.0810976 
31.1 3.24606 -0.0817349 
31.15 3.24193 -0.0823714 
31.2 3.23777 -0.0830069 
31.25 3.23358 -0.0836416 
31.3 3.22935 -0.0842754 
31.35 3.2251 -0.0849083 
31.4 3.22081 -0.0855403 
31.45 3.21649 -0.0861714 
31.5 3.21214 -0.0868016 
31.55 3.20776 -0.0874308 
31.6 3.20334 -0.0880591 
31.65 3.1989 -0.0886865 
31.7 3.19442 -0.089313 
31.75 3.18991 -0.0899385 
31.8 3.18537 -0.090563 
31.85 3.1808 -0.0911866 
31.9 3.1762 -0.0918092 
31.95 3.17156 -0.0924309 
32 3.16689 -0.0930515 
32.05 3.1622 -0.0936712 
32.1 3.15747 -0.0942899 
32.15 3.15271 -0.0949076 
32.2 3.14792 -0.0955243 
32.25 3.1431 -0.09614 
32.3 3.13824 -0.0967547 
32.35 3.13336 -0.0973683 
32.4 3.12844 -0.0979809 
32.45 3.1235 -0.0985925 
32.5 3.11852 -0.0992031 
32.55 3.11352 -0.0998126 
32.6 3.10848 -0.100421 
32.65 3.10341 -0.101028 
32.7 3.09831 -0.101635 
32.75 3.09318 -0.10224 
32.8 3.08802 -0.102844 
32.85 3.08283 -0.103447 
32.9 3.07761 -0.104049 
32.95 3.07236 -0.10465 
33 3.06707 -0.10525 
33.05 3.06176 -0.105849 
33.1 3.05642 -0.106446 
33.15 3.05105 -0.107043 
33.2 3.04564 -0.107638 
33.25 3.04021 -0.108232 
33.3 3.03475 -0.108825 
33.35 3.02925 -0.109417 
33.4 3.02373 -0.110008 
33.45 3.01818 -0.110598 
33.5 3.0126 -0.111186 
33.55 3.00699 -0.111773 
33.6 3.00134 -0.11236 
33.65 2.99567 -0.112944 
33.7 2.98997 -0.113528 
33.75 2.98424 -0.114111 
33.8 2.97848 -0.114692 
33.85 2.97269 -0.115272 
33.9 2.96687 -0.115851 
33.95 2.96102 -0.116429 
34 2.95515 -0.117006 
34.05 2.94924 -0.117581 
34.1 2.94331 -0.118155 
34.15 2.93734 -0.118728 
34.2 2.93135 -0.1193 
34.25 2.92533 -0.11987 
34.3 2.91927 -0.120439 
34.35 2.91319 -0.121007 
34.4 2.90709 -0.121574 
34.45 2.90095 -0.122139 
34.5 2.89478 -0.122703 
34.55 2.88859 -0.123266 
34.6 2.88236 -0.123827 
34.65 2.87611 -0.124388 
34.7 2.86983 -0.124947 
34.75 2.86352 -0.125504 
34.8 2.85719 -0.126061 
34.85 2.85082 -0.126616 
34.9 2.84443 -0.127169 
34.95 2.83801 -0.127722 
35 2.83156 -0.128273 
35.05 2.82508 -0.128823 
35.1 2.81858 -0.129371 
35.15 2.81204 -0.129918 
35.2 2.80548 -0.130464 
35.25 2.7989 -0.131008 
35.3 2.79228 -0.131551 
35.35 2.78564 -0.132093 
35.4 2.77897 -0.132633 
35.45 2.77227 -0.133172 
35.5 2.76554 -0.13371 
35.55 2.75879 -0.134246 
35.6 2.75201 -0.13478 
35.65 2.7452 -0.135314 
35.7 2.73837 -0.135846 
35.75 2.73151 -0.136376 
35.8 2.72462 -0.136906 
35.85 2.7177 -0.137433 
35.9 2.71076 -0.13796 
35.95 2.70379 -0.138485 
36 2.6968 -0.139008 
36.05 2.68977 -0.13953 
36.1 2.68273 -0.140051 
36.15 2.67565 -0.14057 
36.2 2.66855 -0.141088 
36.25 2.66142 -0.141604 
36.3 2.65427 -0.142119 
36.35 2.64709 -0.142632 
36.4 2.63988 -0.143144 
36.45 2.63265 -0.143655 
36.5 2.62539 -0.144164 
36.55 2.6181 -0.144671 
36.6 2.61079 -0.145177 
36.65 2.60346 -0.145682 
36.7 2.5961 -0.146185 
36.75 2.58871 -0.146686 
36.8 2.5813 -0.147186 
36.85 2.57386 -0.147685 
36.9 2.56639 -0.148182 
36.95 2.5589 -0.148677 
37 2.55139 -0.149171 
37.05 2.54385 -0.149664 
37.1 2.53629 -0.150155 
37.15 2.5287 -0.150644 
37.2 2.52108 -0.151132 
37.25 2.51344 -0.151618 
37.3 2.50578 -0.152103 
37.35 2.49809 -0.152586 
37.4 2.49037 -0.153068 
37.45 2.48264 -0.153548 
37.5 2.47487 -0.154027 
37.55 2.46709 -0.154504 
37.6 2.45927 -0.154979 
37.65 2.45144 -0.155453 
37.7 2.44358 -0.155925 
37.75 2.43569 -0.156396 
37.8 2.42779 -0.156865 
37.85 2.41985 -0.157332 
37.9 2.4119 -0.157798 
37.95 2.40392 -0.158263 
38 2.39591 -0.158725 
38.05 2.38789 -0.159186 
38.1 2.37984 -0.159646 
38.15 2.37176 -0.160104 
38.2 2.36366 -0.16056 
38.25 2.35554 -0.161015 
38.3 2.3474 -0.161468 
38.35 2.33923 -0.161919 
38.4 2.33104 -0.162369 
38.45 2.32283 -0.162817 
38.5 2.31459 -0.163263 
38.55 2.30633 -0.163708 
38.6 2.29805 -0.164151 
38.65 2.28975 -0.164592 
38.7 2.28142 -0.165032 
38.75 2.27307 -0.16547 
38.8 2.2647 -0.165907 
38.85 2.2563 -0.166342 
38.9 2.24788 -0.166775 
38.95 2.23945 -0.167206 
39 2.23098 -0.167636 
39.05 2.2225 -0.168064 
39.1 2.214 -0.168491 
39.15 2.20547 -0.168915 
39.2 2.19692 -0.169338 
39.25 2.18835 -0.16976 
39.3 2.17976 -0.170179 
39.35 2.17114 -0.170597 
39.4 2.16251 -0.171013 
39.45 2.15385 -0.171428 
39.5 2.14517 -0.171841 
39.55 2.13648 -0.172252 
39.6 2.12776 -0.172661 
39.65 2.11902 -0.173068 
39.7 2.11025 -0.173474 
39.75 2.10147 -0.173878 
39.8 2.09267 -0.174281 
39.85 2.08384 -0.174681 
39.9 2.075 -0.17508 
39.95 2.06613 -0.175477 
40 2.05725 -0.175873 
40.05 2.04834 -0.176266 
40.1 2.03942 -0.176658 
40.15 2.03047 -0.177048 
40.2 2.0215 -0.177437 
40.25 2.01252 -0.177823 
40.3 2.00351 -0.178208 
40.35 1.99449 -0.178591 
40.4 1.98544 -0.178972 
40.45 1.97638 -0.179352 
40.5 1.96729 -0.179729 
40.55 1.95819 -0.180105 
40.6 1.94906 -0.180479 
40.65 1.93992 -0.180852 
40.7 1.93076 -0.181222 
40.75 1.92158 -0.181591 
40.8 1.91238 -0.181958 
40.85 1.90316 -0.182323 
40.9 1.89392 -0.182686 
40.95 1.88467 -0.183048 
41 1.87539 -0.183407 
41.05 1.8661 -0.183765 
41.1 1.85679 -0.184121 
41.15 1.84746 -0.184476 
41.2 1.83811 -0.184828 
41.25 1.82874 -0.185178 
41.3 1.81936 -0.185527 
41.35 1.80996 -0.185874 
41.4 1.80054 -0.186219 
41.45 1.7911 -0.186562 
41.5 1.78164 -0.186904 
41.55 1.77217 -0.187243 
41.6 1.76268 -0.187581 
41.65 1.75317 -0.187917 
41.7 1.74365 -0.188251 
41.75 1.73411 -0.188583 
41.8 1.72455 -0.188913 
41.85 1.71497 -0.189241 
41.9 1.70538 -0.189568 
41.95 1.69577 -0.189893 
42 1.68614 -0.190215 
42.05 1.67649 -0.190536 
42.1 1.66683 -0.190855 
42.15 1.65716 -0.191172 
42.2 1.64746 -0.191488 
42.25 1.63775 -0.191801 
42.3 1.62803 -0.192113 
42.35 1.61829 -0.192422 
42.4 1.60853 -0.19273 
42.45 1.59876 -0.193036 
42.5 1.58897 -0.19334 
42.55 1.57916 -0.193642 
42.6 1.56934 -0.193942 
42.65 1.55951 -0.19424 
42.7 1.54965 -0.194537 
42.75 1.53979 -0.194831 
42.8 1.52991 -0.195124 
42.85 1.52001 -0.195414 
42.9 1.5101 -0.195703 
42.95 1.50017 -0.19599 
43 1.49023 -0.196275 
43.05 1.48027 -0.196558 
43.1 1.4703 -0.196839 
43.15 1.46031 -0.197118 
43.2 1.45031 -0.197395 
43.25 1.4403 -0.19767 
43.3 1.43027 -0.197943 
43.35 1.42023 -0.198215 
43.4 1.41017 -0.198484 
43.45 1.4001 -0.198752 
43.5 1.39002 -0.199017 
43.55 1.37992 -0.199281 
43.6 1.36981 -0.199543 
43.65 1.35968 -0.199802 
43.7 1.34954 -0.20006 
43.75 1.33939 -0.200316 
43.8 1.32923 -0.20057 
43.85 1.31905 -0.200822 
43.9 1.30886 -0.201072 
43.95 1.29865 -0.20132 
44 1.28844 -0.201566 
44.05 1.27821 -0.20181 
44.1 1.26796 -0.202052 
44.15 1.25771 -0.202293 
44.2 1.24744 -0.202531 
44.25 1.23716 -0.202767 
44.3 1.22687 -0.203001 
44.35 1.21657 -0.203234 
44.4 1.20625 -0.203464 
44.45 1.19592 -0.203692 
44.5 1.18558 -0.203919 
44.55 1.17523 -0.204143 
44.6 1.16487 -0.204366 
44.65 1.15449 -0.204586 
44.7 1.14411 -0.204805 
44.75 1.13371 -0.205021 
44.8 1.1233 -0.205236 
44.85 1.11288 -0.205448 
44.9 1.10245 -0.205659 
44.95 1.09201 -0.205867 
45 1.08156 -0.206074 
45.05 1.0711 -0.206278 
45.1 1.06062 -0.206481 
45.15 1.05014 -0.206681 
45.2 1.03965 -0.20688 
45.25 1.02914 -0.207076 
45.3 1.01863 -0.207271 
45.35 1.0081 -0.207464 
45.4 0.997567 -0.207654 
45.45 0.987023 -0.207843 
45.5 0.976469 -0.208029 
45.55 0.965905 -0.208214 
45.6 0.955332 -0.208396 
45.65 0.944749 -0.208577 
45.7 0.934157 -0.208755 
45.75 0.923556 -0.208932 
45.8 0.912945 -0.209106 
45.85 0.902326 -0.209278 
45.9 0.891698 -0.209449 
45.95 0.88106 -0.209617 
46 0.870415 -0.209784 
46.05 0.85976 -0.209948 
46.1 0.849097 -0.21011 
46.15 0.838426 -0.210271 
46.2 0.827746 -0.210429 
46.25 0.817059 -0.210585 
46.3 0.806363 -0.210739 
46.35 0.795659 -0.210892 
46.4 0.784948 -0.211042 
46.45 0.774228 -0.21119 
46.5 0.763501 -0.211336 
46.55 0.752767 -0.21148 
46.6 0.742025 -0.211622 
46.65 0.731276 -0.211762 
46.7 0.720519 -0.2119 
46.75 0.709756 -0.212036 
46.8 0.698985 -0.21217 
46.85 0.688207 -0.212302 
46.9 0.677423 -0.212432 
46.95 0.666632 -0.212559 
47 0.655835 -0.212685 
47.05 0.645031 -0.212809 
47.1 0.63422 -0.21293 
47.15 0.623404 -0.21305 
47.2 0.612581 -0.213168 
47.25 0.601752 -0.213283 
47.3 0.590917 -0.213397 
47.35 0.580076 -0.213508 
47.4 0.56923 -0.213617 
47.45 0.558378 -0.213725 
47.5 0.547521 -0.21383 
47.55 0.536658 -0.213933 
47.6 0.52579 -0.214034 
47.65 0.514916 -0.214133 
47.7 0.504038 -0.21423 
47.75 0.493154 -0.214325 
47.8 0.482266 -0.214418 
47.85 0.471373 -0.214509 
47.9 0.460475 -0.214598 
47.95 0.449573 -0.214685 
48 0.438666 -0.21477 
48.05 0.427755 -0.214852 
48.1 0.41684 -0.214933 
48.15 0.405921 -0.215011 
48.2 0.394997 -0.215088 
48.25 0.38407 -0.215162 
48.3 0.373139 -0.215235 
48.35 0.362204 -0.215305 
48.4 0.351266 -0.215373 
48.45 0.340324 -0.215439 
48.5 0.329379 -0.215503 
48.55 0.318431 -0.215565 
48.6 0.307479 -0.215625 
48.65 0.296525 -0.215683 
48.7 0.285567 -0.215739 
48.75 0.274607 -0.215793 
48.8 0.263644 -0.215845 
48.85 0.252678 -0.215894 
48.9 0.24171 -0.215942 
48.95 0.23074 -0.215987 
49 0.219767 -0.216031 
49.05 0.208792 -0.216072 
49.1 0.197815 -0.216112 
49.15 0.186836 -0.216149 
49.2 0.175855 -0.216184 
49.25 0.164873 -0.216217 
49.3 0.153888 -0.216248 
49.35 0.142903 -0.216277 
49.4 0.131916 -0.216304 
49.45 0.120927 -0.216329 
49.5 0.109938 -0.216352 
49.55 0.098947 -0.216372 
49.6 0.0879553 -0.216391 
49.65 0.0769628 -0.216408 
49.7 0.0659695 -0.216422 
49.75 0.0549756 -0.216434 
49.8 0.0439811 -0.216445 
49.85 0.0329862 -0.216453 
49.9 0.021991 -0.216459 
49.95 0.0109956 -0.216463 
50 -1.12569e-15 -0.216466 
50.05 -0.0109956 -0.216466 
50.1 -0.021991 -0.216463 
50.15 -0.0329862 -0.216459 
50.2 -0.0439811 -0.216453 
50.25 -0.0549756 -0.216445 
50.3 -0.0659695 -0.216434 
50.35 -0.0769628 -0.216422 
50.4 -0.0879553 -0.216408 
50.45 -0.098947 -0.216391 
50.5 -0.109938 -0.216372 
50.55 -0.120927 -0.216352 
50.6 -0.131916 -0.216329 
50.65 -0.142903 -0.216304 
50.7 -0.153888 -0.216277 
50.75 -0.164873 -0.216248 
50.8 -0.175855 -0.216217 
50.85 -0.186836 -0.216184 
50.9 -0.197815 -0.216149 
50.95 -0.208792 -0.216112 
51 -0.219767 -0.216072 
51.05 -0.23074 -0.216031 
51.1 -0.24171 -0.215987 
51.15 -0.252678 -0.215942 
51.2 -0.263644 -0.215894 
51.25 -0.274607 -0.215845 
51.3 -0.285567 -0.215793 
51.35 -0.296525 -0.215739 
51.4 -0.307479 -0.215683 
51.45 -0.318431 -0.215625 
51.5 -0.329379 -0.215565 
51.55 -0.340324 -0.215503 
51.6 -0.351266 -0.215439 
51.65 -0.362204 -0.215373 
51.7 -0.373139 -0.215305 
51.75 -0.38407 -0.215235 
51.8 -0.394997 -0.215162 
51.85 -0.405921 -0.215088 
51.9 -0.41684 -0.215011 
51.95 -0.427755 -0.214933 
52 -0.438666 -0.214852 
52.05 -0.449573 -0.21477 
52.1 -0.460475 -0.214685 
52.15 -0.471373 -0.214598 
52.2 -0.482266 -0.214509 
52.25 -0.493154 -0.214418 
52.3 -0.504038 -0.214325 
52.35 -0.514916 -0.21423 
52.4 -0.52579 -0.214133 
52.45 -0.536658 -0.214034 
52.5 -0.547521 -0.213933 
52.55 -0.558378 -0.21383 
52.6 -0.56923 -0.213725 
52.65 -0.580076 -0.213617 
52.7 -0.590917 -0.213508 
52.75 -0.601752 -0.213397 
52.8 -0.612581 -0.213283 
52.85 -0.623404 -0.213168 
52.9 -0.63422 -0.21305 
52.95 -0.645031 -0.21293 
53 -0.655835 -0.212809 
53.05 -0.666632 -0.212685 
53.1 -0.677423 -0.212559 
53.15 -0.688207 -0.212432 
53.2 -0.698985 -0.212302 
53.25 -0.709756 -0.21217 
53.3 -0.720519 -0.212036 
53.35 -0.731276 -0.2119 
53.4 -0.742025 -0.211762 
53.45 -0.752767 -0.211622 
53.5 -0.763501 -0.21148 
53.55 -0.774228 -0.211336 
53.6 -0.784948 -0.21119 
53.65 -0.795659 -0.211042 
53.7 -0.806363 -0.210892 
53.75 -0.817059 -0.210739 
53.8 -0.827746 -0.210585 
53.85 -0.838426 -0.210429 
53.9 -0.849097 -0.210271 
53.95 -0.85976 -0.21011 
54 -0.870415 -0.209948 
54.05 -0.88106 -0.209784 
54.1 -0.891698 -0.209617 
54.15 -0.902326 -0.209449 
54.2 -0.912945 -0.209278 
54.25 -0.923556 -0.209106 
54.3 -0.934157 -0.208932 
54.35 -0.944749 -0.208755 
54.4 -0.955332 -0.208577 
54.45 -0.965905 -0.208396 
54.5 -0.976469 -0.208214 
54.55 -0.987023 -0.208029 
54.6 -0.997567 -0.207843 
54.65 -1.0081 -0.207654 
54.7 -1.01863 -0.207464 
54.75 -1.02914 -0.207271 
54.8 -1.03965 -0.207076 
54.85 -1.05014 -0.20688 
54.9 -1.06062 -0.206681 
54.95 -1.0711 -0.206481 
55 -1.08156 -0.206278 
55.05 -1.09201 -0.206074 
55.1 -1.10245 -0.205867 
55.15 -1.11288 -0.205659 
55.2 -1.1233 -0.205448 
55.25 -1.13371 -0.205236 
55.3 -1.14411 -0.205021 
55.35 -1.15449 -0.204805 
55.4 -1.16487 -0.204586 
55.45 -1.17523 -0.204366 
55.5 -1.18558 -0.204143 
55.55 -1.19592 -0.203919 
55.6 -1.20625 -0.203692 
55.65 -1.21657 -0.203464 
55.7 -1.22687 -0.203234 
55.75 -1.23716 -0.203001 
55.8 -1.24744 -0.202767 
55.85 -1.25771 -0.202531 
55.9 -1.26796 -0.202293 
55.95 -1.27821 -0.202052 
56 -1.28844 -0.20181 
56.05 -1.29865 -0.201566 
56.1 -1.30886 -0.20132 
56.15 -1.31905 -0.201072 
56.2 -1.32923 -0.200822 
56.25 -1.33939 -0.20057 
56.3 -1.34954 -0.200316 
56.35 -1.35968 -0.20006 
56.4 -1.36981 -0.199802 
56.45 -1.37992 -0.199543 
56.5 -1.39002 -0.199281 
56.55 -1.4001 -0.199017 
56.6 -1.41017 -0.198752 
56.65 -1.42023 -0.198484 
56.7 -1.43027 -0.198215 
56.75 -1.4403 -0.197943 
56.8 -1.45031 -0.19767 
56.85 -1.46031 -0.197395 
56.9 -1.4703 -0.197118 
56.95 -1.48027 -0.196839 
57 -1.49023 -0.196558 
57.05 -1.50017 -0.196275 
57.1 -1.5101 -0.19599 
57.15 -1.52001 -0.195703 
57.2 -1.52991 -0.195414 
57.25 -1.53979 -0.195124 
57.3 -1.54965 -0.194831 
57.35 -1.55951 -0.194537 
57.4 -1.56934 -0.19424 
57.45 -1.57916 -0.193942 
57.5 -1.58897 -0.193642 
57.55 -1.59876 -0.19334 
57.6 -1.60853 -0.193036 
57.65 -1.61829 -0.19273 
57.7 -1.62803 -0.192422 
57.75 -1.63775 -0.192113 
57.8 -1.64746 -0.191801 
57.85 -1.65716 -0.191488 
57.9 -1.66683 -0.191172 
57.95 -1.67649 -0.190855 
58 -1.68614 -0.190536 
58.05 -1.69577 -0.190215 
58.1 -1.70538 -0.189893 
58.15 -1.71497 -0.189568 
58.2 -1.72455 -0.189241 
58.25 -1.73411 -0.188913 
58.3 -1.74365 -0.188583 
58.35 -1.75317 -0.188251 
58.4 -1.76268 -0.187917 
58.45 -1.77217 -0.187581 
58.5 -1.78164 -0.187243 
58.55 -1.7911 -0.186904 
58.6 -1.80054 -0.186562 
58.65 -1.80996 -0.186219 
58.7 -1.81936 -0.185874 
58.75 -1.82874 -0.185527 
58.8 -1.83811 -0.185178 
58.85 -1.84746 -0.184828 
58.9 -1.85679 -0.184476 
58.95 -1.8661 -0.184121 
59 -1.87539 -0.183765 
59.05 -1.88467 -0.183407 
59.1 -1.89392 -0.183048 
59.15 -1.90316 -0.182686 
59.2 -1.91238 -0.182323 
59.25 -1.92158 -0.181958 
59.3 -1.93076 -0.181591 
59.35 -1.93992 -0.181222 
59.4 -1.94906 -0.180852 
59.45 -1.95819 -0.180479 
59.5 -1.96729 -0.180105 
59.55 -1.97638 -0.179729 
59.6 -1.98544 -0.179352 
59.65 -1.99449 -0.178972 
59.7 -2.00351 -0.178591 
59.75 -2.01252 -0.178208 
59.8 -2.0215 -0.177823 
59.85 -2.03047 -0.177437 
59.9 -2.03942 -0.177048 
59.95 -2.04834 -0.176658 
60 -2.05725 -0.176266 
60.05 -2.06613 -0.175873 
60.1 -2.075 -0.175477 
60.15 -2.08384 -0.17508 
60.2 -2.09267 -0.174681 
60.25 -2.10147 -0.174281 
60.3 -2.11025 -0.173878 
60.35 -2.11902 -0.173474 
60.4 -2.12776 -0.173068 
60.45 -2.13648 -0.172661 
60.5 -2.14517 -0.172252 
60.55 -2.15385 -0.171841 
60.6 -2.16251 -0.171428 
60.65 -2.17114 -0.171013 
60.7 -2.17976 -0.170597 
60.75 -2.18835 -0.170179 
60.8 -2.19692 -0.16976 
60.85 -2.20547 -0.169338 
60.9 -2.214 -0.168915 
60.95 -2.2225 -0.168491 
61 -2.23098 -0.168064 
61.05 -2.23945 -0.167636 
61.1 -2.24788 -0.167206 
61.15 -2.2563 -0.166775 
61.2 -2.2647 -0.166342 
61.25 -2.27307 -0.165907 
61.3 -2.28142 -0.16547 
61.35 -2.28975 -0.165032 
61.4 -2.29805 -0.164592 
61.45 -2.30633 -0.164151 
61.5 -2.31459 -0.163708 
61.55 -2.32283 -0.163263 
61.6 -2.33104 -0.162817 
61.65 -2.33923 -0.162369 
61.7 -2.3474 -0.161919 
61.75 -2.35554 -0.161468 
61.8 -2.36366 -0.161015 
61.85 -2.37176 -0.16056 
61.9 -2.37984 -0.160104 
61.95 -2.38789 -0.159646 
62 -2.39591 -0.159186 
62.05 -2.40392 -0.158725 
62.1 -2.4119 -0.158263 
62.15 -2.41985 -0.157798 
62.2 -2.42779 -0.157332 
62.25 -2.43569 -0.156865 
62.3 -2.44358 -0.156396 
62.35 -2.45144 -0.155925 
62.4 -2.45927 -0.155453 
62.45 -2.46709 -0.154979 
62.5 -2.47487 -0.154504 
62.55 -2.48264 -0.154027 
62.6 -2.49037 -0.153548 
62.65 -2.49809 -0.153068 
62.7 -2.50578 -0.152586 
62.75 -2.51344 -0.152103 
62.8 -2.52108 -0.151618 
62.85 -2.5287 -0.151132 
62.9 -2.53629 -0.150644 
62.95 -2.54385 -0.150155 
63 -2.55139 -0.149664 
63.05 -2.5589 -0.149171 
63.1 -2.56639 -0.148677 
63.15 -2.57386 -0.148182 
63.2 -2.5813 -0.147685 
63.25 -2.58871 -0.147186 
63.3 -2.5961 -0.146686 
63.35 -2.60346 -0.146185 
63.4 -2.61079 -0.145682 
63.45 -2.6181 -0.145177 
63.5 -2.62539 -0.144671 
63.55 -2.63265 -0.144164 
63.6 -2.63988 -0.143655 
63.65 -2.64709 -0.143144 
63.7 -2.65427 -0.142632 
63.75 -2.66142 -0.142119 
63.8 -2.66855 -0.141604 
63.85 -2.67565 -0.141088 
63.9 -2.68273 -0.14057 
63.95 -2.68977 -0.140051 
64 -2.6968 -0.13953 
64.05 -2.70379 -0.139008 
64.1 -2.71076 -0.138485 
64.15 -2.7177 -0.13796 
64.2 -2.72462 -0.137433 
64.25 -2.73151 -0.136906 
64.3 -2.73837 -0.136376 
64.35 -2.7452 -0.135846 
64.4 -2.75201 -0.135314 
64.45 -2.75879 -0.13478 
64.5 -2.76554 -0.134246 
64.55 -2.77227 -0.13371 
64.6 -2.77897 -0.133172 
64.65 -2.78564 -0.132633 
64.7 -2.79228 -0.132093 
64.75 -2.7989 -0.131551 
64.8 -2.80548 -0.131008 
64.85 -2.81204 -0.130464 
64.9 -2.81858 -0.129918 
64.95 -2.82508 -0.129371 
65 -2.83156 -0.128823 
65.05 -2.83801 -0.128273 
65.1 -2.84443 -0.127722 
65.15 -2.85082 -0.127169 
65.2 -2.85719 -0.126616 
65.25 -2.86352 -0.126061 
65.3 -2.86983 -0.125504 
65.35 -2.87611 -0.124947 
65.4 -2.88236 -0.124388 
65.45 -2.88859 -0.123827 
65.5 -2.89478 -0.123266 
65.55 -2.90095 -0.122703 
65.6 -2.90709 -0.122139 
65.65 -2.91319 -0.121574 
65.7 -2.91927 -0.121007 
65.75 -2.92533 -0.120439 
65.8 -2.93135 -0.11987 
65.85 -2.93734 -0.1193 
65.9 -2.94331 -0.118728 
65.95 -2.94924 -0.118155 
66 -2.95515 -0.117581 
66.05 -2.96102 -0.117006 
66.1 -2.96687 -0.116429 
66.15 -2.97269 -0.115851 
66.2 -2.97848 -0.115272 
66.25 -2.98424 -0.114692 
66.3 -2.98997 -0.114111 
66.35 -2.99567 -0.113528 
66.4 -3.00134 -0.112944 
66.45 -3.00699 -0.11236 
66.5 -3.0126 -0.111773 
66.55 -3.01818 -0.111186 
66.6 -3.02373 -0.110598 
66.65 -3.02925 -0.110008 
66.7 -3.03475 -0.109417 
66.75 -3.04021 -0.108825 
66.8 -3.04564 -0.108232 
66.85 -3.05105 -0.107638 
66.9 -3.05642 -0.107043 
66.95 -3.06176 -0.106446 
67 -3.06707 -0.105849 
67.05 -3.07236 -0.10525 
67.1 -3.07761 -0.10465 
67.15 -3.08283 -0.104049 
67.2 -3.08802 -0.103447 
67.25 -3.09318 -0.102844 
67.3 -3.09831 -0.10224 
67.35 -3.10341 -0.101635 
67.4 -3.10848 -0.101028 
67.45 -3.11352 -0.100421 
67.5 -3.11852 -0.0998126 
67.55 -3.1235 -0.0992031 
67.6 -3.12844 -0.0985925 
67.65 -3.13336 -0.0979809 
67.7 -3.13824 -0.0973683 
67.75 -3.1431 -0.0967547 
67.8 -3.14792 -0.09614 
67.85 -3.15271 -0.0955243 
67.9 -3.15747 -0.0949076 
67.95 -3.1622 -0.0942899 
68 -3.16689 -0.0936712 
68.05 -3.17156 -0.0930515 
68.1 -3.1762 -0.0924309 
68.15 -3.1808 -0.0918092 
68.2 -3.18537 -0.0911866 
68.25 -3.18991 -0.090563 
68.3 -3.19442 -0.0899385 
68.35 -3.1989 -0.089313 
68.4 -3.20334 -0.0886865 
68.45 -3.20776 -0.0880591 
68.5 -3.21214 -0.0874308 
68.55 -3.21649 -0.0868016 
68.6 -3.22081 -0.0861714 
68.65 -3.2251 -0.0855403 
68.7 -3.22935 -0.0849083 
68.75 -3.23358 -0.0842754 
68.8 -3.23777 -0.0836416 
68.85 -3.24193 -0.0830069 
68.9 -3.24606 -0.0823714 
68.95 -3.25015 -0.0817349 
69 -3.25422 -0.0810976 
69.05 -3.25825 -0.0804594 
69.1 -3.26225 -0.0798204 
69.15 -3.26622 -0.0791805 
69.2 -3.27015 -0.0785398 
69.25 -3.27405 -0.0778982 
69.3 -3.27792 -0.0772558 
69.35 -3.28176 -0.0766126 
69.4 -3.28557 -0.0759686 
69.45 -3.28934 -0.0753238 
69.5 -3.29308 -0.0746781 
69.55 -3.29679 -0.0740317 
69.6 -3.30047 -0.0733844 
69.65 -3.30411 -0.0727364 
69.7 -3.30772 -0.0720876 
69.75 -3.3113 -0.0714381 
69.8 -3.31484 -0.0707878 
69.85 -3.31836 -0.0701367 
69.9 -3.32184 -0.0694848 
69.95 -3.32528 -0.0688323 
70 -3.3287 -0.068179 
70.05 -3.33208 -0.0675249 
70.1 -3.33543 -0.0668702 
70.15 -3.33874 -0.0662147 
70.2 -3.34203 -0.0655585 
70.25 -3.34528 -0.0649016 
70.3 -3.34849 -0.064244 
70.35 -3.35168 -0.0635858 
70.4 -3.35483 -0.0629268 
70.45 -3.35794 -0.0622672 
70.5 -3.36103 -0.0616069 
70.55 -3.36408 -0.060946 
70.6 -3.3671 -0.0602844 
70.65 -3.37008 -0.0596221 
70.7 -3.37303 -0.0589592 
70.75 -3.37595 -0.0582957 
70.8 -3.37884 -0.0576315 
70.85 -3.38169 -0.0569668 
70.9 -3.38451 -0.0563014 
70.95 -3.38729 -0.0556354 
71 -3.39004 -0.0549688 
71.05 -3.39276 -0.0543017 
71.1 -3.39544 -0.0536339 
71.15 -3.39809 -0.0529656 
71.2 -3.40071 -0.0522967 
71.25 -3.40329 -0.0516272 
71.3 -3.40584 -0.0509572 
71.35 -3.40836 -0.0502866 
71.4 -3.41084 -0.0496155 
71.45 -3.41329 -0.0489439 
71.5 -3.41571 -0.0482717 
71.55 -3.41809 -0.047599 
71.6 -3.42044 -0.0469258 
71.65 -3.42275 -0.0462521 
71.7 -3.42503 -0.0455779 
71.75 -3.42728 -0.0449032 
71.8 -3.42949 -0.0442281 
71.85 -3.43167 -0.0435524 
71.9 -3.43382 -0.0428763 
71.95 -3.43593 -0.0421997 
72 -3.43801 -0.0415227 
72.05 -3.44005 -0.0408452 
72.1 -3.44206 -0.0401673 
72.15 -3.44403 -0.0394889 
72.2 -3.44598 -0.0388101 
72.25 -3.44788 -0.0381309 
72.3 -3.44976 -0.0374513 
72.35 -3.4516 -0.0367713 
72.4 -3.4534 -0.0360909 
72.45 -3.45517 -0.0354101 
72.5 -3.45691 -0.0347289 
72.55 -3.45861 -0.0340473 
72.6 -3.46028 -0.0333654 
72.65 -3.46192 -0.0326831 
72.7 -3.46352 -0.0320005 
72.75 -3.46508 -0.0313175 
72.8 -3.46661 -0.0306342 
72.85 -3.46811 -0.0299505 
72.9 -3.46958 -0.0292665 
72.95 -3.47101 -0.0285822 
73 -3.4724 -0.0278976 
73.05 -3.47376 -0.0272127 
73.1 -3.47509 -0.0265275 
73.15 -3.47638 -0.0258421 
73.2 -3.47764 -0.0251563 
73.25 -3.47886 -0.0244703 
73.3 -3.48005 -0.023784 
73.35 -3.48121 -0.0230974 
73.4 -3.48233 -0.0224106 
73.45 -3.48341 -0.0217235 
73.5 -3.48447 -0.0210363 
73.55 -3.48548 -0.0203488 
73.6 -3.48647 -0.019661 
73.65 -3.48742 -0.0189731 
73.7 -3.48833 -0.0182849 
73.75 -3.48921 -0.0175966 
73.8 -3.49006 -0.016908 
73.85 -3.49087 -0.0162193 
73.9 -3.49164 -0.0155304 
73.95 -3.49239 -0.0148414 
74 -3.49309 -0.0141521 
74.05 -3.49377 -0.0134628 
74.1 -3.49441 -0.0127732 
74.15 -3.49501 -0.0120836 
74.2 -3.49558 -0.0113938 
74.25 -3.49611 -0.0107039 
74.3 -3.49662 -0.0100138 
74.35 -3.49708 -0.00932371 
74.4 -3.49751 -0.00863347 
74.45 -3.49791 -0.00794313 
74.5 -3.49827 -0.00725271 
74.55 -3.4986 -0.00656222 
74.6 -3.49889 -0.00587165 
74.65 -3.49915 -0.00518101 
74.7 -3.49938 -0.00449033 
74.75 -3.49957 -0.00379959 
74.8 -3.49972 -0.00310881 
74.85 -3.49984 -0.002418 
74.9 -3.49993 -0.00172716 
74.95 -3.49998 -0.0010363 
75 -3.5 -0.000345436 
75.05 -3.49998 0.000345436 
75.1 -3.49993 0.0010363 
75.15 -3.49984 0.00172716 
75.2 -3.49972 0.002418 
75.25 -3.49957 0.00310881 
75.3 -3.49938 0.00379959 
75.35 -3.49915 0.00449033 
75.4 -3.49889 0.00518101 
75.45 -3.4986 0.00587165 
75.5 -3.49827 0.00656222 
75.55 -3.49791 0.00725271 
75.6 -3.49751 0.00794313 
75.65 -3.49708 0.00863347 
75.7 -3.49662 0.00932371 
75.75 -3.49611 0.0100138 
75.8 -3.49558 0.0107039 
75.85 -3.49501 0.0113938 
75.9 -3.49441 0.0120836 
75.95 -3.49377 0.0127732 
76 -3.49309 0.0134628 
76.05 -3.49239 0.0141521 
76.1 -3.49164 0.0148414 
76.15 -3.49087 0.0155304 
76.2 -3.49006 0.0162193 
76.25 -3.48921 0.016908 
76.3 -3.48833 0.0175966 
76.35 -3.48742 0.0182849 
76.4 -3.48647 0.0189731 
76.45 -3.48548 0.019661 
76.5 -3.48447 0.0203488 
76.55 -3.48341 0.0210363 
76.6 -3.48233 0.0217235 
76.65 -3.48121 0.0224106 
76.7 -3.48005 0.0230974 
76.75 -3.47886 0.023784 
76.8 -3.47764 0.0244703 
76.85 -3.47638 0.0251563 
76.9 -3.47509 0.0258421 
76.95 -3.47376 0.0265275 
77 -3.4724 0.0272127 
77.05 -3.47101 0.0278976 
77.1 -3.46958 0.0285822 
77.15 -3.46811 0.0292665 
77.2 -3.46661 0.0299505 
77.25 -3.46508 0.0306342 
77.3 -3.46352 0.0313175 
77.35 -3.46192 0.0320005 
77.4 -3.46028 0.0326831 
77.45 -3.45861 0.0333654 
77.5 -3.45691 0.0340473 
77.55 -3.45517 0.0347289 
77.6 -3.4534 0.0354101 
77.65 -3.4516 0.0360909 
77.7 -3.44976 0.0367713 
77.75 -3.44788 0.0374513 
77.8 -3.44598 0.0381309 
77.85 -3.44403 0.0388101 
77.9 -3.44206 0.0394889 
77.95 -3.44005 0.0401673 
78 -3.43801 0.0408452 
78.05 -3.43593 0.0415227 
78.1 -3.43382 0.0421997 
78.15 -3.43167 0.0428763 
78.2 -3.42949 0.0435524 
78.25 -3.42728 0.0442281 
78.3 -3.42503 0.0449032 
78.35 -3.42275 0.0455779 
78.4 -3.42044 0.0462521 
78.45 -3.41809 0.0469258 
78.5 -3.41571 0.047599 
78.55 -3.41329 0.0482717 
78.6 -3.41084 0.0489439 
78.65 -3.40836 0.0496155 
78.7 -3.40584 0.0502866 
78.75 -3.40329 0.0509572 
78.8 -3.40071 0.0516272 
78.85 -3.39809 0.0522967 
78.9 -3.39544 0.0529656 
78.95 -3.39276 0.0536339 
79 -3.39004 0.0543017 
79.05 -3.38729 0.0549688 
79.1 -3.38451 0.0556354 
79.15 -3.38169 0.0563014 
79.2 -3.37884 0.0569668 
79.25 -3.37595 0.0576315 
79.3 -3.37303 0.0582957 
79.35 -3.37008 0.0589592 
79.4 -3.3671 0.0596221 
79.45 -3.36408 0.0602844 
79.5 -3.36103 0.060946 
79.55 -3.35794 0.0616069 
79.6 -3.35483 0.0622672 
79.65 -3.35168 0.0629268 
79.7 -3.34849 0.0635858 
79.75 -3.34528 0.064244 
79.8 -3.34203 0.0649016 
79.85 -3.33874 0.0655585 
79.9 -3.33543 0.0662147 
79.95 -3.33208 0.0668702 
80 -3.3287 0.0675249 
80.05 -3.32528 0.068179 
80.1 -3.32184 0.0688323 
80.15 -3.31836 0.0694848 
80.2 -3.31484 0.0701367 
80.25 -3.3113 0.0707878 
80.3 -3.30772 0.0714381 
80.35 -3.30411 0.0720876 
80.4 -3.30047 0.0727364 
80.45 -3.29679 0.0733844 
80.5 -3.29308 0.0740317 
80.55 -3.28934 0.0746781 
80.6 -3.28557 0.0753238 
80.65 -3.28176 0.0759686 
80.7 -3.27792 0.0766126 
80.75 -3.27405 0.0772558 
80.8 -3.27015 0.0778982 
80.85 -3.26622 0.0785398 
80.9 -3.26225 0.0791805 
80.95 -3.25825 0.0798204 
81 -3.25422 0.0804594 
81.05 -3.25015 0.0810976 
81.1 -3.24606 0.0817349 
81.15 -3.24193 0.0823714 
81.2 -3.23777 0.0830069 
81.25 -3.23358 0.0836416 
81.3 -3.22935 0.0842754 
81.35 -3.2251 0.0849083 
81.4 -3.22081 0.0855403 
81.45 -3.21649 0.0861714 
81.5 -3.21214 0.0868016 
81.55 -3.20776 0.0874308 
81.6 -3.20334 0.0880591 
81.65 -3.1989 0.0886865 
81.7 -3.19442 0.089313 
81.75 -3.18991 0.0899385 
81.8 -3.18537 0.090563 
81.85 -3.1808 0.0911866 
81.9 -3.1762 0.0918092 
81.95 -3.17156 0.0924309 
82 -3.16689 0.0930515 
82.05 -3.1622 0.0936712 
82.1 -3.15747 0.0942899 
82.15 -3.15271 0.0949076 
82.2 -3.14792 0.0955243 
82.25 -3.1431 0.09614 
82.3 -3.13824 0.0967547 
82.35 -3.13336 0.0973683 
82.4 -3.12844 0.0979809 
82.45 -3.1235 0.0985925 
82.5 -3.11852 0.0992031 
82.55 -3.11352 0.0998126 
82.6 -3.10848 0.100421 
82.65 -3.10341 0.101028 
82.7 -3.09831 0.101635 
82.75 -3.09318 0.10224 
82.8 -3.08802 0.102844 
82.85 -3.08283 0.103447 
82.9 -3.07761 0.104049 
82.95 -3.07236 0.10465 
83 -3.06707 0.10525 
83.05 -3.06176 0.105849 
83.1 -3.05642 0.106446 
83.15 -3.05105 0.107043 
83.2 -3.04564 0.107638 
83.25 -3.04021 0.108232 
83.3 -3.03475 0.108825 
83.35 -3.02925 0.109417 
83.4 -3.02373 0.110008 
83.45 -3.01818 0.110598 
83.5 -3.0126 0.111186 
83.55 -3.00699 0.111773 
83.6 -3.00134 0.11236 
83.65 -2.99567 0.112944 
83.7 -2.98997 0.113528 
83.75 -2.98424 0.114111 
83.8 -2.97848 0.114692 
83.85 -2.97269 0.115272 
83.9 -2.96687 0.115851 
83.95 -2.96102 0.116429 
84 -2.95515 0.117006 
84.05 -2.94924 0.117581 
84.1 -2.94331 0.118155 
84.15 -2.93734 0.118728 
84.2 -2.93135 0.1193 
84.25 -2.92533 0.11987 
84.3 -2.91927 0.120439 
84.35 -2.91319 0.121007 
84.4 -2.90709 0.121574 
84.45 -2.90095 0.122139 
84.5 -2.89478 0.122703 
84.55 -2.88859 0.123266 
84.6 -2.88236 0.123827 
84.65 -2.87611 0.124388 
84.7 -2.86983 0.124947 
84.75 -2.86352 0.125504 
84.8 -2.85719 0.126061 
84.85 -2.85082 0.126616 
84.9 -2.84443 0.127169 
84.95 -2.83801 0.127722 
85 -2.83156 0.128273 
85.05 -2.82508 0.128823 
85.1 -2.81858 0.129371 
85.15 -2.81204 0.129918 
85.2 -2.80548 0.130464 
85.25 -2.7989 0.131008 
85.3 -2.79228 0.131551 
85.35 -2.78564 0.132093 
85.4 -2.77897 0.132633 
85.45 -2.77227 0.133172 
85.5 -2.76554 0.13371 
85.55 -2.75879 0.134246 
85.6 -2.75201 0.13478 
85.65 -2.7452 0.135314 
85.7 -2.73837 0.135846 
85.75 -2.73151 0.136376 
85.8 -2.72462 0.136906 
85.85 -2.7177 0.137433 
85.9 -2.71076 0.13796 
85.95 -2.70379 0.138485 
86 -2.6968 0.139008 
86.05 -2.68977 0.13953 
86.1 -2.68273 0.140051 
86.15 -2.67565 0.14057 
86.2 -2.66855 0.141088 
86.25 -2.66142 0.141604 
86.3 -2.65427 0.142119 
86.35 -2.64709 0.142632 
86.4 -2.63988 0.143144 
86.45 -2.63265 0.143655 
86.5 -2.62539 0.144164 
86.55 -2.6181 0.144671 
86.6 -2.61079 0.145177 
86.65 -2.60346 0.145682 
86.7 -2.5961 0.146185 
86.75 -2.58871 0.146686 
86.8 -2.5813 0.147186 
86.85 -2.57386 0.147685 
86.9 -2.56639 0.148182 
86.95 -2.5589 0.148677 
87 -2.55139 0.149171 
87.05 -2.54385 0.149664 
87.1 -2.53629 0.150155 
87.15 -2.5287 0.150644 
87.2 -2.52108 0.151132 
87.25 -2.51344 0.151618 
87.3 -2.50578 0.152103 
87.35 -2.49809 0.152586 
87.4 -2.49037 0.153068 
87.45 -2.48264 0.153548 
87.5 -2.47487 0.154027 
87.55 -2.46709 0.154504 
87.6 -2.45927 0.154979 
87.65 -2.45144 0.155453 
87.7 -2.44358 0.155925 
87.75 -2.43569 0.156396 
87.8 -2.42779 0.156865 
87.85 -2.41985 0.157332 
87.9 -2.4119 0.157798 
87.95 -2.40392 0.158263 
88 -2.39591 0.158725 
88.05 -2.38789 0.159186 
88.1 -2.37984 0.159646 
88.15 -2.37176 0.160104 
88.2 -2.36366 0.16056 
88.25 -2.35554 0.161015 
88.3 -2.3474 0.161468 
88.35 -2.33923 0.161919 
88.4 -2.33104 0.162369 
88.45 -2.32283 0.162817 
88.5 -2.31459 0.163263 
88.55 -2.30633 0.163708 
88.6 -2.29805 0.164151 
88.65 -2.28975 0.164592 
88.7 -2.28142 0.165032 
88.75 -2.27307 0.16547 
88.8 -2.2647 0.165907 
88.85 -2.2563 0.166342 
88.9 -2.24788 0.166775 
88.95 -2.23945 0.167206 
89 -2.23098 0.167636 
89.05 -2.2225 0.168064 
89.1 -2.214 0.168491 
89.15 -2.20547 0.168915 
89.2 -2.19692 0.169338 
89.25 -2.18835 0.16976 
89.3 -2.17976 0.170179 
89.35 -2.17114 0.170597 
89.4 -2.16251 0.171013 
89.45 -2.15385 0.171428 
89.5 -2.14517 0.171841 
89.55 -2.13648 0.172252 
89.6 -2.12776 0.172661 
89.65 -2.11902 0.173068 
89.7 -2.11025 0.173474 
89.75 -2.10147 0.173878 
89.8 -2.09267 0.174281 
89.85 -2.08384 0.174681 
89.9 -2.075 0.17508 
89.95 -2.06613 0.175477 
90 -2.05725 0.175873 
90.05 -2.04834 0.176266 
90.1 -2.03942 0.176658 
90.15 -2.03047 0.177048 
90.2 -2.0215 0.177437 
90.25 -2.01252 0.177823 
90.3 -2.00351 0.178208 
90.35 -1.99449 0.178591 
90.4 -1.98544 0.178972 
90.45 -1.97638 0.179352 
90.5 -1.96729 0.179729 
90.55 -1.95819 0.180105 
90.6 -1.94906 0.180479 
90.65 -1.93992 0.180852 
90.7 -1.93076 0.181222 
90.75 -1.92158 0.181591 
90.8 -1.91238 0.181958 
90.85 -1.90316 0.182323 
90.9 -1.89392 0.182686 
90.95 -1.88467 0.183048 
91 -1.87539 0.183407 
91.05 -1.8661 0.183765 
91.1 -1.85679 0.184121 
91.15 -1.84746 0.184476 
91.2 -1.83811 0.184828 
91.25 -1.82874 0.185178 
91.3 -1.81936 0.185527 
91.35 -1.80996 0.185874 
91.4 -1.80054 0.186219 
91.45 -1.7911 0.186562 
91.5 -1.78164 0.186904 
91.55 -1.77217 0.187243 
91.6 -1.76268 0.187581 
91.65 -1.75317 0.187917 
91.7 -1.74365 0.188251 
91.75 -1.73411 0.188583 
91.8 -1.72455 0.188913 
91.85 -1.71497 0.189241 
91.9 -1.70538 0.189568 
91.95 -1.69577 0.189893 
92 -1.68614 0.190215 
92.05 -1.67649 0.190536 
92.1 -1.66683 0.190855 
92.15 -1.65716 0.191172 
92.2 -1.64746 0.191488 
92.25 -1.63775 0.191801 
92.3 -1.62803 0.192113 
92.35 -1.61829 0.192422 
92.4 -1.60853 0.19273 
92.45 -1.59876 0.193036 
92.5 -1.58897 0.19334 
92.55 -1.57916 0.193642 
92.6 -1.56934 0.193942 
92.65 -1.55951 0.19424 
92.7 -1.54965 0.194537 
92.75 -1.53979 0.194831 
92.8 -1.52991 0.195124 
92.85 -1.52001 0.195414 
92.9 -1.5101 0.195703 
92.95 -1.50017 0.19599 
93 -1.49023 0.196275 
93.05 -1.48027 0.196558 
93.1 -1.4703 0.196839 
93.15 -1.46031 0.197118 
93.2 -1.45031 0.197395 
93.25 -1.4403 0.19767 
93.3 -1.43027 0.197943 
93.35 -1.42023 0.198215 
93.4 -1.41017 0.198484 
93.45 -1.4001 0.198752 
93.5 -1.39002 0.199017 
93.55 -1.37992 0.199281 
93.6 -1.36981 0.199543 
93.65 -1.35968 0.199802 
93.7 -1.34954 0.20006 
93.75 -1.33939 0.200316 
93.8 -1.32923 0.20057 
93.85 -1.31905 0.200822 
93.9 -1.30886 0.201072 
93.95 -1.29865 0.20132 
94 -1.28844 0.201566 
94.05 -1.27821 0.20181 
94.1 -1.26796 0.202052 
94.15 -1.25771 0.202293 
94.2 -1.24744 0.202531 
94.25 -1.23716 0.202767 
94.3 -1.22687 0.203001 
94.35 -1.21657 0.203234 
94.4 -1.20625 0.203464 
94.45 -1.19592 0.203692 
94.5 -1.18558 0.203919 
94.55 -1.17523 0.204143 
94.6 -1.16487 0.204366 
94.65 -1.15449 0.204586 
94.7 -1.14411 0.204805 
94.75 -1.13371 0.205021 
94.8 -1.1233 0.205236 
94.85 -1.11288 0.205448 
94.9 -1.10245 0.205659 
94.95 -1.09201 0.205867 
95 -1.08156 0.206074 
95.05 -1.0711 0.206278 
95.1 -1.06062 0.206481 
95.15 -1.05014 0.206681 
95.2 -1.03965 0.20688 
95.25 -1.02914 0.207076 
95.3 -1.01863 0.207271 
95.35 -1.0081 0.207464 
95.4 -0.997567 0.207654 
95.45 -0.987023 0.207843 
95.5 -0.976469 0.208029 
95.55 -0.965905 0.208214 
95.6 -0.955332 0.208396 
95.65 -0.944749 0.208577 
95.7 -0.934157 0.208755 
95.75 -0.923556 0.208932 
95.8 -0.912945 0.209106 
95.85 -0.902326 0.209278 
95.9 -0.891698 0.209449 
95.95 -0.88106 0.209617 
96 -0.870415 0.209784 
96.05 -0.85976 0.209948 
96.1 -0.849097 0.21011 
96.15 -0.838426 0.210271 
96.2 -0.827746 0.210429 
96.25 -0.817059 0.210585 
96.3 -0.806363 0.210739 
96.35 -0.795659 0.210892 
96.4 -0.784948 0.211042 
96.45 -0.774228 0.21119 
96.5 -0.763501 0.211336 
96.55 -0.752767 0.21148 
96.6 -0.742025 0.211622 
96.65 -0.731276 0.211762 
96.7 -0.720519 0.2119 
96.75 -0.709756 0.212036 
96.8 -0.698985 0.21217 
96.85 -0.688207 0.212302 
96.9 -0.677423 0.212432 
96.95 -0.666632 0.212559 
97 -0.655835 0.212685 
97.05 -0.645031 0.212809 
97.1 -0.63422 0.21293 
97.15 -0.623404 0.21305 
97.2 -0.612581 0.213168 
97.25 -0.601752 0.213283 
97.3 -0.590917 0.213397 
97.35 -0.580076 0.213508 
97.4 -0.56923 0.213617 
97.45 -0.558378 0.213725 
97.5 -0.547521 0.21383 
97.55 -0.536658 0.213933 
97.6 -0.52579 0.214034 
97.65 -0.514916 0.214133 
97.7 -0.504038 0.21423 
97.75 -0.493154 0.214325 
97.8 -0.482266 0.214418 
97.85 -0.471373 0.214509 
97.9 -0.460475 0.214598 
97.95 -0.449573 0.214685 
98 -0.438666 0.21477 
98.05 -0.427755 0.214852 
98.1 -0.41684 0.214933 
98.15 -0.405921 0.215011 
98.2 -0.394997 0.215088 
98.25 -0.38407 0.215162 
98.3 -0.373139 0.215235 
98.35 -0.362204 0.215305 
98.4 -0.351266 0.215373 
98.45 -0.340324 0.215439 
98.5 -0.329379 0.215503 
98.55 -0.318431 0.215565 
98.6 -0.307479 0.215625 
98.65 -0.296525 0.215683 
98.7 -0.285567 0.215739 
98.75 -0.274607 0.215793 
98.8 -0.263644 0.215845 
98.85 -0.252678 0.215894 
98.9 -0.24171 0.215942 
98.95 -0.23074 0.215987 
99 -0.219767 0.216031 
99.05 -0.208792 0.216072 
99.1 -0.197815 0.216112 
99.15 -0.186836 0.216149 
99.2 -0.175855 0.216184 
99.25 -0.164873 0.216217 
99.3 -0.153888 0.216248 
99.35 -0.142903 0.216277 
99.4 -0.131916 0.216304 
99.45 -0.120927 0.216329 
99.5 -0.109938 0.216352 
99.55 -0.098947 0.216372 
99.6 -0.0879553 0.216391 
99.65 -0.0769628 0.216408 
99.7 -0.0659695 0.216422 
99.75 -0.0549756 0.216434 
99.8 -0.0439811 0.216445 
99.85 -0.0329862 0.216453 
99.9 -0.021991 0.216459 
99.95 -0.0109956 0.216459 
